00000000000000000000000011100000010000000001011000000100100000001110000000000000000000000000000000000000000000000000000000000000000000100000000110000000000000000000000000000000000000000000000000000000
00000000000000000000000011100000010000000001011000000100100000001110000000000000000000000000000000000000000000000000000000000000000000100000000111000000000000000000000000000000000000000000000000000000
00000000000000000000000011100000010000000001011000000100100000001110000000000000000000000000000000000000000000000000000000000000000000100000000111000000000000000000000000000000000000000000000000000000
00000000000000000000000011100000010000000001011000000100100000001110000000000000000000000000000000000000000000000000000000000000000000100000000111000000000000000000000000000000000000000000000000000000
00000000000000000000000011100000010000000001011000000100100000001110000000000000000000000000000000000000000000000000000000000000000000100000000111000000000000000000000000000000000000000000000000000000
00000000000000000000000011100000010000000001011000000100100000001110000000000000000000000000000000000000000000000000000000000000000000100000000110000000000000000000000000000000000000000000000000000000
00000000000000000000000011100000010000000001011000000100100000001110000000000000000000000000000000000000000000000000000000000000000000100000000110000000000000000000000000000000000000000000000000000000
00000000000000000000000011100000010000000001011000000100100000001110000000000000000000000000000000000000000000000000000000000000000000100000000111000000000000000000000000000000000000000000000000000000
00000000000000000000000011100000010000000001011000000100100000001110000000000000000000000000000000000000000000000000000000000000000000100000000111000000000000000000000000000000000000000000000000000000
00000000000000000000000011100000010000000001011000000100100000001110000000000000000000000000000000000000000000000000000000000000000000100000000111000000000000000000000000000000000000000000000000000000
00000000000000000000000011100000010000000001011000000100100000001110000000000000000000000000000000000000000000000000000000000000000000100000000111000000000000000000000000000000000000000000000000000000
00000000000000000000000011100000010000000001011000000100100000001110000000000000000000000000000000000000000000000000000000000000000000100000000110000000000000000000000000000000000000000000000000000000
00000000000000000000000011100000010000000001011000000100100000001110000000000000000000000000000000000000000000000000000000000000000000100000000110000000000000000000000000000000000000000000000000000000
00000000000000000000000011100000010000000001011000000100100000001110000000000000000000000000000000000000000000000000000000000000000000100000000111000000000000000000000000000000000000000000000000000000
00000000000000000000000011100000010000000001011000000100100000001110000000000000000000000000000000000000000000000000000000000000000000100000000111000000000000000000000000000000000000000000000000000000
00000000000000000000000011100000010000000001011000000100100000001110000000000000000000000000000000000000000000000000000000000000000000100000000111000000000000000000000000000000000000000000000000000000
00000000000000000000000011100000010000000001011000000100100000001110000000000000000000000000000000000000000000000000000000000000000000100000000111000000000000000000000000000000000000000000000000000000
00000000000000000000000011100000010000000001011000000100100000001110000000000000000000000000000000000000000000000000000000000000000000100000000110000000000000000000000000000000000000000000000000000000
00000000000000000000000011100000010000000001011000000100100000001110000000000000000000000000000000000000000000000000000000000000000000100000000110000000000000000000000000000000000000000000000000000000
00000000000000000000000011100000010000000001011000000100100000001110000000000000000000000000000000000000000000000000000000000000000000100000000110000000000100000000000000000000000000000000000000000000
00000000000000000000000011100000010000000001011000000100100000001110000000000000000000000000000000000000000000000000000000000000000000100000000110000000000100000000000000000000000000000000000000000000
00000000000000000000000011100000010000000001011000000100100000001110000000000000000000000000000000000000000000000000000000000000000000100000000110000000000100000000000000000000000000000000000000000000
00000000000000000000000011100000010000000001011000000100100000001110000000000000000000000000000000000000000000000000000000000000000000100000000110000000000100000000000000000000000000000000000000000000
00000000000000000000000011100000010000000001011000000100100000001110000000000000000000000000000000000000000000000000000000000000000000100000000110000000000000000000000000000000000000000000000000000000
00000000000000000000000011100000010000000001011000000100100000001110000000000000000000000000000000000000000000000000000000000000000000100000000110000000000000000000000000000000000000000000000000000000
00000000000000000000000011100000010000000001011000000100100000001110000000000000000000000000000000000000000000000000000000000000000000100000000110000000000100000000000000000000000000000000000000000000
00000000000000000000000011100000010000000001011000000100100000001110000000000000000000000000000000000000000000000000000000000000000000100000000110000000000100000000000000000000000000000000000000000000
00000000000000000000000011100000010000000001011000000100100000001110000000000000000000000000000000000000000000000000000000000000000000100000000110000000000100000000000000000000000000000000000000000000
00000000000000000000000011100000010000000001011000000100100000001110000000000000000000000000000000000000000000000000000000000000000000100000000110000000000100000000000000000000000000000000000000000000
00000000000000000000000011100000010000000001011000000100100000001110000000000000000000000000000000000000000000000000000000000000000000100000000110000000000000000000000000000000000000000000000000000000
00000000000000000000000011100000010000000001011000000100100000001110000000000000000000000000000000000000000000000000000000000000000000100000000110000000000000000000000000000000000000000000000000000000
00000000000000000000000011100000010000000001011000000100100000001110000000000000000000000000000000000000000000000000000000000000000000100000000110000000000100000000000000000000000000000000000000000000
00000000000000000000000011100000010000000001011000000100100000001110000000000000000000000000000000000000000000000000000000000000000000100000000110000000000100000000000000000000000000000000000000000000
00000000000000000000000011100000010000000001011000000100100000001110000000000000000000000000000000000000000000000000000000000000000000100000000110000000000100000000000000000000000000000000000000000000
00000000000000000000000011100000010000000001011000000100100000001110000000000000000000000000000000000000000000000000000000000000000000100000000110000000000100000000000000000000000000000000000000000000
00000000000000000000000011100000010000000001011000000100100000001110000000000000000000000000000000000000000000000000000000000000000000100000000110000000000000000000000000000000000000000000000000000000
00000000000000000000000011100000010000000001011000000100100000001110000000000000000000000000000000000000000000000000000000000000000000100000000110000000000000000000000000000000000000000000000000000000
00000000000000000000000011100000010000000001011000000100100000001110000000000000000000000000000000000000000000000000000000000000000000100000000110000000000100000000000000000000000000000000000000000000
00000000000000000000000011100000010000000001011000000100100000001110000000000000000000000000000000000000000000000000000000000000000000100000000110000000000100000000000000000000000000000000000000000000
00000000000000000000000011100000010000000001011000000100100000001110000000000000000000000000000000000000000000000000000000000000000000100000000110000000000100000000000000000000000000000000000000000000
00000000000000000000000011100000010000000001011000000100100000001110000000000000000000000000000000000000000000000000000000000000000000100000000110000000000100000000000000000000000000000000000000000000
00000000000000000000000011100000010000000001011000000100100000001110000000000000000000000000000000000000000000000000000000000000000000100000000110000000000000000000000000000000000000000000000000000000
00000000000000000000000011100000010000000001011000000100100000001110000000000000000000000000000000000000000000000000000000000000000000100000000110000000000000000000000000000000000000000000000000000000
00000000000000000000000011100000010000000001011000000100100000001110000000000000000000000000000000000000000000000000000000000000000000100000000110000000000100000000000000000000000000000000000000000000
00000000000000000000000011100000010000000001011000000100100000001110000000000000000000000000000000000000000000000000000000000000000000100000000110000000000100000000000000000000000000000000000000000000
00000000000000000000000011100000010000000001011000000100100000001110000000000000000000000000000000000000000000000000000000000000000000100000000110000000000100000000000000000000000000000000000000000000
00000000000000000000000011100000010000000001011000000100100000001110000000000000000000000000000000000000000000000000000000000000000000100000000111000000000000000000000000000000000000000000000000000000
00000000000000000000000011100000010000000001011000000100100000001110000000000000000000000000000000000000000000000000000000000000000000100000000110000000000000000000000000000000000000000000000000000000
00000000000000000000000011100000010000000001011000000100100000001110000000000000000000000000000000000000000000000000000000000000000000100000000110000000000000000000000000000000000000000000000000000000
00000000000000000000000011100000010000000001011000000100100000001110000000000000000000000000000000000000000000000000000000000000000000100000000111000000000000000000000000000000000000000000000000000000
00000000000000000000000011100000010000000001011000000100100000001110000000000000000000000000000000000000000000000000000000000000000000100000000111000000000000000000000000000000000000000000000000000000
00000000000000000000000011100000010000000001011000000100100000001110000000000000000000000000000000000000000000000000000000000000000000100000000111000000000000000000000000000000000000000000000000000000
00000000000000000000000011100000010000000001011000000100100000001110000000000000000000000000000000000000000000000000000000000000000000100000000111000000000000000000000000000000000000000000000000000000
00000000000000000000000011100000010000000001011000000100100000001110000000000000000000000000000000000000000000000000000000000000000000100000000110000000000000000000000000000000000000000000000000000000
00000000000000000000000011100000010000000001011000000100100000001110000000000000000000000000000000000000000000000000000000000000000000100000000110000000000000000000000000000000000000000000000000000000
00000000000000000000000011100000010000000001011000000100100000001110000000000000000000000000000000000000000000000000000000000000000000100000000111000000000000000000000000000000000000000000000000000000
00000000000000000000000011100000010000000001011000000100100000001110000000000000000000000000000000000000000000000000000000000000000000100000000111000000000000000000000000000000000000000000000000000000
00000000000000000000000011100000010000000001011000000100100000001110000000000000000000000000000000000000000000000000000000000000000000100000000111000000000000000000000000000000000000000000000000000000
00000000000000000000000011100000010000000001011000000100100000001110000000000000000000000000000000000000000000000000000000000000000000100000000111000000000000000000000000000000000000000000000000000000
00000000000000000000000011100000010000000001011000000100100000001110000000000000000000000000000000000000000000000000000000000000000000100000000110000000000000000000000000000000000000000000000000000000
00000000000000000000000011100000010000000001011000000100100000001110000000000000000000000000000000000000000000000000000000000000000000100000000110000000000000000000000000000000000000000000000000000000
00000000000000000000000011100000010000000001011000000100100000001110000000000000000000000000000000000000000000000000000000000000000000100000000111000000000000000000000000000000000000000000000000000000
00000000000000000000000011100000010000000001011000000100100000001110000000000000000000000000000000000000000000000000000000000000000000100000000111000000000000000000000000000000000000000000000000000000
00000000000000000000000011100000010000000001011000000100100000001110000000000000000000000000000000000000000000000000000000000000000000100000000111000000000000000000000000000000000000000000000000000000
00000000000000000000000011100000010000000001011000000100100000001110000000000000000000000000000000000000000000000000000000000000000000100000000111000000000000000000000000000000000000000000000000000000
00000000000000000000000011100000010000000001011000000100100000001110000000000000000000000000000000000000000000000000000000000000000000100000000110000000000000000000000000000000000000000000000000000000
00000000000000000000000011100000010000000001011000000100100000001110000000000000000000000000000000000000000000000000000000000000000000100000000110000000000000000000000000000000000000000000000000000000
00000000000000000000000011100000010000000001011000000100100000001110000000000000000000000000000000000000000000000000000000000000000000100000000111000000000000000000000000000000000000000000000000000000
00000000000000000000000011100000010000000001011000000100100000001110000000000000000000000000000000000000000000000000000000000000000000100000000111000000000000000000000000000000000000000000000000000000
00000000000000000000000011100000010000000001011000000100100000001110000000000000000000000000000000000000000000000000000000000000000000100000000111000000000000000000000000000000000000000000000000000000
00000000000000000000000011100000010000000001011000000100100000001110000000000000000000000000000000000000000000000000000000000000000000100000000111000000000000000000000000000000000000000000000000000000
00000000000000000000000011100000010000000001011000000100100000001110000000000000000000000000000000000000000000000000000000000000000000100000000110000000000000000000000000000000000000000000000000000000
00000000000000000000000011100000010000000001011000000100100000001110000000000000000000000000000000000000000000000000000000000000000000100000000110000000000000000000000000000000000000000000000000000000
00000000000000000000000011100000010000000001011000000100100000001110000000000000000000000000000000000000000000000000000000000000000000100000000111000000000000000000000000000000000000000000000000000000
00000000000000000000000011100000010000000001011000000100100000001110000000000000000000000000000000000000000000000000000000000000000000100000000111000000000000000000000000000000000000000000000000000000
00000000000000000000000011100000010000000001011000000100100000001110000000000000000000000000000000000000000000000000000000000000000000100000000111000000000000000000000000000000000000000000000000000000
00000000000000000000000011100000010000000001011000000100100000001110000000000000000000000000000000000000000000000000000000000000000000100000000111000000000000000000000000000000000000000000000000000000
00000000000000000000000011100000010000000001011000000100100000001110000000000000000000000000000000000000000000000000000000000000000000100000000101000000000000000000000000000000000000000000000000000000
00000000000000000000000011100000010000000001011000000100100000001110000000000000000000000000000000000000000000000000000000000000000000100000000101000000000000000000000000000000000000000000000000000000
00000000000000000000000011100000010000000001011000000100100000001110000000000000000000000000000000000000000000000000000000000000000000100000000111000000000000000000000000000000000000000000000000000000
00000000000000000000000011100000010000000001011000000100100000001110000000000000000000000000000000000000000000000000000000000000000000100000000111000000000000000000000000000000000000000000000000000000
00000000000000000000000011100000010000000001011000000100100000001110000000000000000000000000000000000000000000000000000000000000000000100000000111000000000000000000000000000000000000000000000000000000
00000000000000000000000011100000010000000001011000000100100000001110000000000000000000000000000000000000000000000000000000000000000000100000000111000000000000000000000000000000000000000000000000000000
00000000000000000000000011100000010000000001011000000100100000001110000000000000000000000000000000000000000000000000000000000000000000100000000101000000000000000000000000000000000000000000000000000000
00000000000000000000000011100000010000000001011000000100100000001110000000000000000000000000000000000000000000000000000000000000000000100000000101000000000000000000000000000000000000000000000000000000
00000000000000000000000011100000010000000001011000000100100000001110000000000000000000000000000000000000000000000000000000000000000000100000000111000000000000000000000000000000000000000000000000000000
00000000000000000000000011100000010000000001011000000100100000001110000000000000000000000000000000000000000000000000000000000000000000100000000111000000000000000000000000000000000000000000000000000000
00000000000000000000000011100000010000000001011000000100100000001110000000000000000000000000000000000000000000000000000000000000000000100000000111000000001000000000000000000000000000000000000000000000
00000000000000000000000011100000010000000001011000000100100000001110000000000000000000000000000000000000000000000000000000000000000000100000000111000000001000000000000000000000000000000000000000000000
00000000000000000000000011100000010000000001011000000100100000001110000000000000000000000000000000000000000000000000000000000000000000100000000111000000000000000000000000000000000000000000000000000000
00000000000000000000000011100000010000000001011000000100100000001110000000000000000000000000000000000000000000000000000000000000000000100000000111000000000000000000000000000000000000000000000000000000
00000000000000000000000011100000010000000001011000000100100000001110000000000000000000000000000000000000000000000000000000000000000000100000000111000000001000000000000000000000000000000000000000000000
00000000000000000000000011100000010000000001011000000100100000001110000000000000000000000000000000000000000000000000000000000000000000100000000111000000001000000000000000000000000000000000000000000000
00000000000000000000000011100000010000000001011000000100100000001110000000000000000000000000000000000000000000000000000000000000000000100000000111000000001000000000000000000000000000000000000000000000
00000000000000000000000011100000010000000001011000000100100000001110000000000000000000000000000000000000000000000000000000000000000000100000000111000000001000000000000000000000000000000000000000000000
00000000000000000000000011100000010000000001011000000100100000001110000000000000000000000000000000000000000000000000000000000000000000100000000111000000000000000000000000000000000000000000000000000000
00000000000000000000000011100000010000000001011000000100100000001110000000000000000000000000000000000000000000000000000000000000000000100000000111000000000000000000000000000000000000000000000000000000
00000000000000000000000011100000010000000001011000000100100000001110000000000000000000000000000000000000000000000000000000000000000000100000000111000000001000000000000000000000000000000000000000000000
00000000000000000000000011100000010000000001011000000100100000001110000000000000000000000000000000000000000000000000000000000000000000100000000111000000001000000000000000000000000000000000000000000000
00000000000000000000000011100000010000000001011000000100100000001110000000000000000000000000000000000000000000000000000000000000000000100000000111000000001000000000000000000000000000000000000000000000
00000000000000000000000011100000010000000001011000000100100000001110000000000000000000000000000000000000000000000000000000000000000000100000000111000000001000000000000000000000000000000000000000000000
00000000000000000000000011100000010000000001011000000100100000001110000000000000000000000000000000000000000000000000000000000000000000100000000111000000000000000000000000000000000000000000000000000000
00000000000000000000000011100000010000000001011000000100100000001110000000000000000000000000000000000000000000000000000000000000000000100000000111000000000000000000000000000000000000000000000000000000
00000000000000000000000011100000010000000001011000000100100000001110000000000000000000000000000000000000000000000000000000000000000000100000000111000000001000000000000000000000000000000000000000000000
00000000000000000000000011100000010000000001011000000100100000001110000000000000000000000000000000000000000000000000000000000000000000100000000111000000001000000000000000000000000000000000000000000000
00000000000000000000000011100000010000000001011000000100100000001110000000000000000000000000000000000000000000000000000000000000000000100000000111000000001000000000000000000000000000000000000000000000
00000000000000000000000011100000010000000001011000000100100000001110000000000000000000000000000000000000000000000000000000000000000000100000000111000000001000000000000000000000000000000000000000000000
00000000000000000000000011100000010000000001011000000100100000001110000000000000000000000000000000000000000000000000000000000000000000100000000111000000000000000000000000000000000000000000000000000000
00000000000000000000000011100000010000000001011000000100100000001110000000000000000000000000000000000000000000000000000000000000000000100000000111000000000000000000000000000000000000000000000000000000
00000000000000000000000011100000010000000001011000000100100000001110000000000000000000000000000000000000000000000000000000000000000000100000000111000000001000000000000000000000000000000000000000000000
00000000000000000000000011100000010000000001011000000100100000001110000000000000000000000000000000000000000000000000000000000000000000100000000111000000001000000000000000000000000000000000000000000000
00000000000000000000000011100000010000000001011000000100100000001110000000000000000000000000000000000000000000000000000000000000000000100000000111000000001000000000000000000000000000000000000000000000
00000000000000000000000011100000010000000001011000000100100000001110000000000000000000000000000000000000000000000000000000000000000000100000000111000000001000000000000000000000000000000000000000000000
00000000000000000000000011100000010000000001011000000100100000001110000000000000000000000000000000000000000000000000000000000000000000100000000111000000000000000000000000000000000000000000000000000000
00000000000000000000000011100000010000000001011000000100100000001110000000000000000000000000000000000000000000000000000000000000000000100000000111000000000000000000000000000000000000000000000000000000
00000000000000000000000011100000010000000001011000000100100000001110000000000000000000000000000000000000000000000000000000000000000000100000000111000000001000000000000000000000000000000000000000000000
00000000000000000000000011100000010000000001011000000100100000001110000000000000000000000000000000000000000000000000000000000000000000100000000111000000001000000000000000000000000000000000000000000000
00000000000000000000000011100000010000000001011000000100100000001110000000000000000000000000000000000000000000000000000000000000000000100000000111000000001000000000000000000000000000000000000000000000
00000000000000000000000011100000010000000001011000000100100000001110000000000000000000000000000000000000000000000000000000000000000000100000000111000000001000000000000000000000000000000000000000000000
00000000000000000000000011100000010000000001011000000100100000001110000000000000000000000000000000000000000000000000000000000000000000100000000111000000000000000000000000000000000000000000000000000000
00000000000000000000000011100000010000000001011000000100100000001110000000000000000000000000000000000000000000000000000000000000000000100000000111000000001000000000000000000000000000000000000000000000
00000000000000000000000011100000010000000001011000000100100000001110000000000000000000000000000000000000000000000000000000000000000000100000000111000000001000000000100000000000000000000000000000000000
00000000000000000000000011100000010000000001011000000100100000001110000000000000000000000000000000000000000000000000000000000000000000100000000111000000001000000000100000000000000000000000000000000000
00000000000000000000000011100000010000000001011000000100100000001110000000000000000000000000000000000000000000000000000000000000000000100000000111000000001000000000100000000000000000000000000000000000
00000000000000000000000011100000010000000001011000000100100000001110000000000000000000000000000000000000000000000000000000000000000000100000000111000000001000000000100000000000000000000000000000000000
00000000000000000000000011100000010000000001011000000100100000001110000000000000000000000000000000000000000000000000000000000000000000100000000111000000001000000000000000000000000000000000000000000000
00000000000000000000000011100000010000000001011000000100100000001110000000000000000000000000000000000000000000000000000000000000000000100000000111000000001000000000000000000000000000000000000000000000
00000000000000000000000011100000010000000001011000000100100000001110000000000000000000000000000000000000000000000000000000000000000000100000000111000000001000000000100000000000000000000000000000000000
00000000000000000000000011100000010000000001011000000100100000001110000000000000000000000000000000000000000000000000000000000000000000100000000111000000001000000000100000000000000000000000000000000000
00000000000000000000000011100000010000000001011000000100100000001110000000000000000000000000000000000000000000000000000000000000000000100000000111000000001000000000100000000000000000000000000000000000
00000000000000000000000011100000010000000001011000000100100000001110000000000000000000000000000000000000000000000000000000000000000000100000000111000000001000000000100000000000000000000000000000000000
00000000000000000000000011100000010000000001011000000100100000001110000000000000000000000000000000000000000000000000000000000000000000100000000111000000001000000000000000000000000000000000000000000000
00000000000000000000000011100000010000000001011000000100100000001110000000000000000000000000000000000000000000000000000000000000000000100000000111000000001000000000000000000000000000000000000000000000
00000000000000000000000011100000010000000001011000000100100000001110000000000000000000000000000000000000000000000000000000000000000000100000000111000000001000000000100000000000000000000000000000000000
00000000000000000000000011100000010000000001011000000100100000001110000000000000000000000000000000000000000000000000000000000000000000100000000111000000001000000000100000000000000000000000000000000000
00000000000000000000000011100000010000000001011000000100100000001110000000000000000000000000000000000000000000000000000000000000000000100000000111000000001000000000100000000000000000000000000000000000
00000000000000000000000011100000010000000001011000000100100000001110000000000000000000000000000000000000000000000000000000000000000000100000000111000000001000000000100000000000000000000000000000000000
00000000000000000000000011100000010000000001011000000100100000001110000000000000000000000000000000000000000000000000000000000000000000100000000111000000001000000000000000000000000000000000000000000000
00000000000000000000000011100000010000000001011000000100100000001110000000000000000000000000000000000000000000000000000000000000000000100000000111000000001000000000000000000000000000000000000000000000
00000000000000000000000011100000010000000001011000000100100000001110000000000000000000000000000000000000000000000000000000000000000000100000000111000000001000000000100000000000000000000000000000000000
00000000000000000000000011100000010000000001011000000100100000001110000000000000000000000000000000000000000000000000000000000000000000100000000111000000001000000000100000000000000000000000000000000000
00000000000000000000000011100000010000000001011000000100100000001110000000000000000000000000000000000000000000000000000000000000000000100000000111000000001000000000100000000000000000000000000000000000
00000000000000000000000011100000010000000001011000000100100000001110000000000000000000000000000000000000000000000000000000000000000000100000000111000000001000000000100000000000000000000000000000000000
00000000000000000000000011100000010000000001011000000100100000001110000000000000000000000000000000000000000000000000000000000000000000100000000111000000001000000000100000000000000000000000000000000000
00000000000000000000000011100000010000000001011000000100100000001110000000000000000000000000000000000000000000000000000000000000000000100000000111000000001000000000100000000000000000000000000000000000
00000000000000000000000011100000010000000001011000000100100000001110000000000000000000000000000000000000000000000000000000000000000000100000000111000000001000000001100000000000000000000000000000000000
00000000000000000000000011100000010000000001011000000100100000001110000000000000000000000000000000000000000000000000000000000000000000100000000111000000001000000001100000000000000000000000000000000000
00000000000000000000000011100000010000000001011000000100100000001110000000000000000000000000000000000000000000000000000000000000000000100000000111000000001000000001100000000000000000000000000000000000
00000000000000000000000011100000010000000001011000000100100000001110000000000000000000000000000000000000000000000000000000000000000000100000000111000000001000000001100000000000000000000000000000000000
00000000000000000000000011100000010000000001011000000100100000001110000000000000000000000000000000000000000000000000000000000000000000100000000111000000001000000000100000000000000000000000000000000000
00000000000000000000000011100000010000000001011000000100100000001110000000000000000000000000000000000000000000000000000000000000000000100000000111000000001000000000100000000000000000000000000000000000
00000000000000000000000011100000010000000001011000000100100000001110000000000000000000000000000000000000000000000000000000000000000000100000000111000000001000000001100000000000000000000000000000000000
00000000000000000000000011100000010000000001011000000100100000001110000000000000000000000000000000000000000000000000000000000000000000100000000111000000001000000001100000000000000000000000000000000000
00000000000000000000000011100000010000000001011000000100100000001110000000000000000000000000000000000000000000000000000000000000000000100000000111000000001000000001100000000000000000000000000000000000
00000000000000000000000011100000010000000001011000000100100000001110000000000000000000000000000000000000000000000000000000000000000000100000000111000000001000000001100000000000000000000000000000000000
00000000000000000000000011100000010000000001011000000100100000001110000000000000000000000000000000000000000000000000000000000000000000100000000111000000001000000000100000000000000000000000000000000000
00000000000000000000000011100000010000000001011000000100100000001110000000000000000000000000000000000000000000000000000000000000000000100000000111000000001000000000100000000000000000000000000000000000
00000000000000000000000011100000010000000001011000000100100000001110000000000000000000000000000000000000000000000000000000000000000000100000000111000000001000000001100000000000000000000000000000000000
00000000000000000000000011100000010000000001011000000100100000001110000000000000000000000000000000000000000000000000000000000000000000100000000111000000001000000001100000000000000000000000000000000000
00000000000000000000000011100000010000000001011000000100100000001110000000000000000000000000000000000000000000000000000000000000000000100000000111000000001000000001100000000000000000000000000000000000
00000000000000000000000011100000010000000001011000000100100000001110000000000000000000000000000000000000000000000000000000000000000000100000000111000000001000000001100000000000000000000000000000000000
00000000000000000000000011100000010000000001011000000100100000001110000000000000000000000000000000000000000000000000000000000000000000100000000111000000001000000000100000000000000000000000000000000000
00000000000000000000000011100000010000000001011000000100100000001110000000000000000000000000000000000000000000000000000000000000000000100000000111000000001000000000100000000000000000000000000000000000
00000000000000000000000011100000010000000001011000000100100000001110000000000000000000000000000000000000000000000000000000000000000000100000000111000000001000000001100000000000000000000000000000000000
00000000000000000000000011100000010000000001011000000100100000001110000000000000000000000000000000000000000000000000000000000000000000100000000111000000001000000001100000000000000000000000000000000000
00000000000000000000000011100000010000000001011000000100100000001110000000000000000000000000000000000000000000000000000000000000000000100000000111000000001000000001100000000000000000000000000000000000
00000000000000000000000011100000010000000001011000000100100000001110000000000000000000000000000000000000000000000000000000000000000000100000000111000000001000000001100000000000000000000000000000000000
00000000000000000000000011100000010000000001011000000100100000001110000000000000000000000000000000000000000000000000000000000000000000100000000111000000001000000000100000000000000000000000000000000000
00000000000000000000000011100000010000000001011000000100100000001110000000000000000000000000000000000000000000000000000000000000000000100000000111000000001000000000100000000000000000000000000000000000
00000000000000000000000011100000010000000001011000000100100000001110000000000000000000000000000000000000000000000000000000000000000000100000000111000000001000000001100000000000000000000000000000000000
00000000000000000000000011100000010000000001011000000100100000001110000000000000000000000000000000000000000000000000000000000000000000100000000111000000001000000001100000000000000000000000000000000000
00000000000000000000000011100000010000000001011000000100100000001110000000000000000000000000000000000000000000000000000000000000000000100000000111000000001000000001100000000000000000000000000000000000
00000000000000000000000011100000010000000001011000000100100000001110000000000000000000000000000000000000000000000000000000000000000000100000000111000000001000000001100000000000000000000000000000000000
00000000000000000000000011100000010000000001011000000100100000001110000000000000000000000000000000000000000000000000000000000000000000100000000111000000001000000001000000000000000000000000000000000000
00000000000000000000000011100000010000000001011000000100100000001110000000000000000000000000000000000000000000000000000000000000000000100000000111000000001000000001000000000000000000000000000000000000
00000000000000000000000011100000010000000001011000000100100000001110000000000000000000000000000000000000000000000000000000000000000000100000000111000000001000000001100000000000000000000000000000000000
00000000000000000000000011100000010000000001011000000100100000001110000000000000000000000000000000000000000000000000000000000000000000100000000111000000001000000001100000000000000000000000000000000000
00000000000000000000000011100000010000000001011000000100100000001110000000000000000000000000000000000000000000000000000000000000000000100000000111000000001000000001100000000000000000000000000000000000
00000000000000000000000011100000010000000001011000000100100000001110000000000000000000000000000000000000000000000000000000000000000000100000000111000000001000000001100000000000000000000000000000000000
00000000000000000000000011100000010000000001011000000100100000001110000000000000000000000000000000000000000000000000000000000000000000100000000111000000001000000001000000000000000000000000000000000000
00000000000000000000000011100000010000000001011000000100100000001110000000000000000000000000000000000000000000000000000000000000000000100000000111000000001000000001000000000000000000000000000000000000
00000000000000000000000011100000010000000001011000000100100000001110000000000000000000000000000000000000000000000000000000000000000000100000000111000000001000000001110000000000000000000000000000000000
00000000000000000000000011100000010000000001011000000100100000001110000000000000000000000000000000000000000000000000000000000000000000100000000111000000001000000001110000000000000000000000000000000000
00000000000000000000000011100000010000000001011000000100100000001110000000000000000000000000000000000000000000000000000000000000000000100000000111000000001000000001110000000000000000000000000000000000
00000000000000000000000011100000010000000001011000000100100000001110000000000000000000000000000000000000000000000000000000000000000000100000000111000000001000000001110000000000000000000000000000000000
00000000000000000000000011100000010000000001011000000100100000001110000000000000000000000000000000000000000000000000000000000000000000100000000111000000001000000001100000000000000000000000000000000000
00000000000000000000000011100000010000000001011000000100100000001110000000000000000000000000000000000000000000000000000000000000000000100000000111000000001000000001100000000000000000000000000000000000
00000000000000000000000011100000010000000001011000000100100000001110000000000000000000000000000000000000000000000000000000000000000000100000000111000000001000000001110000000000000000000000000000000000
00000000000000000000000011100000010000000001011000000100100000001110000000000000000000000000000000000000000000000000000000000000000000100000000111000000001000000001110000000000000000000000000000000000
00000000000000000000000011100000010000000001011000000100100000001110000000000000000000000000000000000000000000000000000000000000000000100000000111000000001000000001110000000000000000000000000000000000
00000000000000000000000011100000010000000001011000000100100000001110000000000000000000000000000000000000000000000000000000000000000000100000000111000000001000000001110000000000000000000000000000000000
00000000000000000000000011100000010000000001011000000100100000001110000000000000000000000000000000000000000000000000000000000000000000100000000111000000001000000001100000000000000000000000000000000000
00000000000000000000000011100000010000000001011000000100100000001110000000000000000000000000000000000000000000000000000000000000000000100000000111000000001000000001100000000000000000000000000000000000
00000000000000000000000011100000010000000001011000000100100000001110000000000000000000000000000000000000000000000000000000000000000000100000000111000000001000000001110000000000000000000000000000000000
00000000000000000000000011100000010000000001011000000100100000001110000000000000000000000000000000000000000000000000000000000000000000100000000111000000001000000001110000000000000000000000000000000000
00000000000000000000000011100000010000000001011000000100100000001110000000000000000000000000000000000000000000000000000000000000000000100000000111000000001000000001110000000000000000000000000000000000
00000000000000000000000011100000010000000001011000000100100000001110000000000000000000000000000000000000000000000000000000000000000000100000000111000000001000000001110000000000000000000000000000000000
00000000000000000000000011100000010000000001011000000100100000001110000000000000000000000000000000000000000000000000000000000000000000100000000111000000001000000001100000000000000000000000000000000000
00000000000000000000000011100000010000000001011000000100100000001110000000000000000000000000000000000000000000000000000000000000000000100000000111000000001000000001100000000000000000000000000000000000
00000000000000000000000011100000010000000001011000000100100000001110000000000000000000000000000000000000000000000000000000000000000000100000000111000000001000000001110000000000000000000000000000000000
00000000000000000000000011100000010000000001011000000100100000001110000000000000000000000000000000000000000000000000000000000000000000100000000111000000001000000001110000000000000000000000000000000000
00000000000000000000000011100000010000000001011000000100100000001110000000000000000000000000000000000000000000000000000000000000000000100000000111000000001000000001110000000000000000000000000000000000
00000000000000000000000011100000010000000001011000000100100000001110000000000000000000000000000000000000000000000000000000000000000000100000000111000000001000000001110000000000000000000000000000000000
00000000000000000000000011100000010000000001011000000100100000001110000000000000000000000000000000000000000000000000000000000000000000100000000111000000001000000001100000000000000000000000000000000000
00000000000000000000000011100000010000000001011000000100100000001110000000000000000000000000000000000000000000000000000000000000000000100000000111000000001000000001100000000000000000000000000000000000
00000000000000000000000011100000010000000001011000000100100000001110000000000000000000000000000000000000000000000000000000000000000000100000000111000000001000000001110000000000000000000000000000000000
00000000000000000000000011100000010000000001011000000100100000001110000000000000000000000000000000000000000000000000000000000000000000100000000111000000001000000001110000000000000000000000000000000000
00000000000000000000000011100000010000000001011000000100100000001110000000000000000000000000000000000000000000000000000000000000000000100000000111000000001000000001110000000000000000000000000000000000
00000000000000000000000011100000010000000001011000000100100000001110000000000000000000000000000000000000000000000000000000000000000000100000000111000000001000000001110000000000000000000000000000000000
00000000000000000000000011100000010000000001011000000100100000001110000000000000000000000000000000000000000000000000000000000000000000100000000111000000001000000001100000000000000000000000000000000000
00000000000000000000000011100000010000000001011000000100100000001110000000000000000000000000000000000000000000000000000000000000000000100000000111000000001000000001100000000000000000000000000000000000
00000000000000000000000011100000010000000001011000000100100000001110000000000000000000000000000000000000000000000000000000000000000000100000000111000000001000000001110000000000000000000000000000000000
00000000000000000000000011100000010000000001011000000100100000001110000000000000000000000000000000000000000000000000000000000000000000100000000111000000001000000001110000000000000000000000000000000000
00000000000000000000000011100000010000000001011000000100100000001110000000000000000000000000000000000000000000000000000000000000000000100000000111000000001000000001110000000000000000000000000000000000
00000000000000000000000011100000010000000001011000000100100000001110000000000000000000000000000000000000000000000000000000000000000000100000000111000000001000000001110000000000000000000000000000000000
00000000000000000000000011100000010000000001011000000100100000001110000000000000000000000000000000000000000000000000000000000000000000100000000111000000001000000001100000000000000000000000000000000000
00000000000000000000000011100000010000000001011000000100100000001110000000000000000000000000000000000000000000000000000000000000000000100000000111000000001000000001100000000000000000000000000000000000
00000000000000000000000011100000010000000001011000000100100000001110000000000000000000000000000000000000000000000000000000000000000000100000000111000000001000000001110000000000000000000000000000000000
00000000000000000000000011100000010000000001011000000100100000001110000000000000000000000000000000000000000000000000000000000000000000100000000111000000001000000001110000000000000000000000000000000000
00000000000000000000000011100000010000000001011000000100100000001110000000000000000000000000000000000000000000000000000000000000000000100000000111000000001000000001110000000000000000000000000000000000
00000000000000000000000011100000010000000001011000000100100000001110000000000000000000000000000000000000000000000000000000000000000000100000000111000000001000000001110000000000000000000000000000000000
00000000000000000000000011100000010000000001011000000100100000001110000000000000000000000000000000000000000000000000000000000000000000100000000111000000001000000001100000000000000000000000000000000000
00000000000000000000000011100000010000000001011000000100100000001110000000000000000000000000000000000000000000000000000000000000000000100000000111000000001000000001100000000000000000000000000000000000
00000000000000000000000011100000010000000001011000000100100000001110000000000000000000000000000000000000000000000000000000000000000000100000000111000000001000000001110000000000000000000000000000000000
00000000000000000000000011100000010000000001011000000100100000001110000000000000000000000000000000000000000000000000000000000000000000100000000111000000001000000001110000000000000000000000000000000000
00000000000000000000000011100000010000000001011000000100100000001110000000000000000000000000000000000000000000000000000000000000000000100000000111000000001000000001110000000000000000000000000000000000
00000000000000000000000011100000010000000001011000000100100000001110000000000000000000000000000000000000000000000000000000000000000000100000000111000000001000000001110000000000000000000000000000000000
00000000000000000000000011100000010000000001011000000100100000001110000000000000000000000000000000000000000000000000000000000000000000100000000111000000001000000001100000000000000000000000000000000000
00000000000000000000000011100000010000000001011000000100100000001110000000000000000000000000000000000000000000000000000000000000000000100000000111000000001000000001100000000000000000000000000000000000
00000000000000000000000011100000010000000001011000000100100000001110000000000000000000000000000000000000000000000000000000000000000000100000000111000000001000000001110000000000000000000000000000000000
00000000000000000000000011100000010000000001011000000100100000001110000000000000000000000000000000000000000000000000000000000000000000100000000111000000001000000001110000000000000000000000000000000000
00000000000000000000000011100000010000000001011000000100100000001110000000000000000000000000000000000000000000000000000000000000000000100000000111000000001000000001110000000000000000000000000000000000
00000000000000000000000011100000010000000001011000000100100000001110000000000000000000000000000000000000000000000000000000000000000000100000000111000000001000000001110000000000000000000000000000000000
00000000000000000000000011100000010000000001011000000100100000001110000000000000000000000000000000000000000000000000000000000000000000100000000111000000001000000001100000000000000000000000000000000000
00000000000000000000000011100000010000000001011000000100100000001110000000000000000000000000000000000000000000000000000000000000000000100000000111000000001000000001100000000000000000000000000000000000
00000000000000000000000011100000010000000001011000000100100000001110000000000000000000000000000000000000000000000000000000000000000000100000000111000000001000000001110000000000000000000000000000000000
00000000000000000000000011100000010000000001011000000100100000001110000000000000000000000000000000000000000000000000000000000000000000100000000111000000001000000001110000000000000000000000000000000000
00000000000000000000000011100000010000000001011000000100100000001110000000000000000000000000000000000000000000000000000000000000000000100000000111000000001000000001110000000000000000000000000000000000
00000000000000000000000011100000010000000001011000000100100000001110000000000000000000000000000000000000000000000000000000000000000000100000000111000000001000000001110000000000000000000000000000000000
00000000000000000000000011100000010000000001011000000100100000001110000000000000000000000000000000000000000000000000000000000000000000100000000111000000001000000001100000000000000000000000000000000000
00000000000000000000000011100000010000000001011000000100100000001110000000000000000000000000000000000000000000000000000000000000000000100000000111000000001000000001100000000000000000000000000000000000
00000000000000000000000011100000010000000001011000000100100000001110000000000000000000000000000000000000000000000000000000000000000000100000000111000000001000000001110000000000000000000000000000000000
00000000000000000000000011100000010000000001011000000100100000001110000000000000000000000000000000000000000000000000000000000000000000100000000111000000001000000001110000000000000000000000000000000000
00000000000000000000000011100000010000000001011000000100100000001110000000000000000000000000000000000000000000000000000000000000000000100000000111000000001000000001110000000000000000000000000000000000
00000000000000000000000011100000010000000001011000000100100000001110000000000000000000000000000000000000000000000000000000000000000000100000000111000000001000000001110000000000000000000000000000000000
00000000000000000000000011100000010000000001011000000100100000001110000000000000000000000000000000000000000000000000000000000000000000100000000111000000001000000001100000000000000000000000000000000000
00000000000000000000000011100000010000000001011000000100100000001110000000000000000000000000000000000000000000000000000000000000000000100000000111000000001000000001100000000000000000000000000000000000
00000000000000000000000011100000010000000001011000000100100000001110000000000000000000000000000000000000000000000000000000000000000000100000000111000000001000000001110000000000000000000000000000000000
00000000000000000000000011100000010000000001011000000100100000001110000000000000000000000000000000000000000000000000000000000000000000100000000111000000001000000001110000000000000000000000000000000000
00000000000000000000000011100000010000000001011000000100100000001110000000000000000000000000000000000000000000000000000000000000000000100000000111000000001000000001110000000000000000000000000000000000
00000000000000000000000011100000010000000001011000000100100000001110000000000000000000000000000000000000000000000000000000000000000000100000000111000000001000000001110000000000000000000000000000000000
00000000000000000000000011100000010000000001011000000100100000001110000000000000000000000000000000000000000000000000000000000000000000100000000111000000001000000001100000000000000000000000000000000000
00000000000000000000000011100000010000000001011000000100100000001110000000000000000000000000000000000000000000000000000000000000000000100000000111000000001000000001100000000000000000000000000000000000
00000000000000000000000011100000010000000001011000000100100000001110000000000000000000000000000000000000000000000000000000000000000000100000000111000000001000000001110000000000000000000000000000000000
00000000000000000000000011100000010000000001011000000100100000001110000000000000000000000000000000000000000000000000000000000000000000100000000111000000001000000001110000000000000000000000000000000000
00000000000000000000000011100000010000000001011000000100100000001110000000000000000000000000000000000000000000000000000000000000000000100000000111000000001000000001110000000000000000000000000000000000
00000000000000000000000011100000010000000001011000000100100000001110000000000000000000000000000000000000000000000000000000000000000000100000000111000000001000000001110000000000000000000000000000000000
00000000000000000000000011100000010000000001011000000100100000001110000000000000000000000000000000000000000000000000000000000000000000100000000111000000001000000001100000000000000000000000000000000000
00000000000000000000000011100000010000000001011000000100100000001110000000000000000000000000000000000000000000000000000000000000000000100000000111000000001000000001100000000000000000000000000000000000
00000000000000000000000011100000010000000001011000000100100000001110000000000000000000000000000000000000000000000000000000000000000000100000000111000000001000000001110000000000000000000000000000000000
00000000000000000000000011100000010000000001011000000100100000001110000000000000000000000000000000000000000000000000000000000000000000100000000111000000001000000001110000000000000000000000000000000000
00000000000000000000000011100000010000000001011000000100100000001110000000000000000000000000000000000000000000000000000000000000000000100000000111000000001000000001110000000000000000000000000000000000
00000000000000000000000011100000010000000001011000000100100000001110000000000000000000000000000000000000000000000000000000000000000000100000000111000000001000000001110000000000000000000000000000000000
00000000000000000000000011100000010000000001011000000100100000001110000000000000000000000000000000000000000000000000000000000000000000100000000111000000001000000001100000000000000000000000000000000000
