00000000000000000000000111000000010010000001001000000100100000011100000000000000000000000000000000000000000000000000000000000000000000000000000110000000001100000000000000000100111011011100100111010111
00000000000000000000000111000000010010000001001000000100100000011100000000000000000000000000000000000000000000000000000000000000000000000000000110000000001100000000000000000100111011011100100111010111
00000000000000000000000111000000010010000001001000000100100000011100000000000000000000000000000000000000000000000000000000000000000000000000000110000000001100000000000000000100111011011100100111010111
00000000000000000000000111000000010010000001001000000100100000011100000000000000000000000000000000000000000000000000000000000000000000000000000110000000001100000000000000000100111011011100100111010111
00000000000000000000000111000000010010000001001000000100100000011100000000000000000000000000000000000000000000000000000000000000000000000000000110000000001100000000000000000100111011011100100111010111
00000000000000000000000111000000010010000001001000000100100000011100000000000000000000000000000000000000000000000000000000000000000000000000000110000000001100000000000000000100111011011100100111010111
00000000000000000000000111000000010010000001001000000100100000011100000000000000000000000000000000000000000000000000000000000000000000000000000110000000001100000000000000000100111011011100100111010111
00000000000000000000000111000000010010000001001000000100100000011100000000000000000000000000000000000000000000000000000000000000000000000000000110000000001100000000000000000100111011011100100111010111
00000000000000000000000111000000010010000001001000000100100000011100000000000000000000000000000000000000000000000000000000000000000000000000000110000000001100000000000000000100111011011100100111010111
00000000000000000000000111000000010010000001001000000100100000011100000000000000000000000000000000000000000000000000000000000000000000000000000110000000001100000000000000000100111011011100100111010111
00000000000000000000000111000000010010000001001000000100100000011100000000000000000000000000000000000000000000000000000000000000000000000000000110000000001100000000000000000100111011011100100111010111
00000000000000000000000111000000010010000001001000000100100000011100000000000000000000000000000000000000000000000000000000000000000000000000000110000000001100000000000000000100111011011100100111010111
00000000000000000000000111000000010010000001001000000100100000011100000000000000000000000000000000000000000000000000000000000000000000000000000110000000001100000000000000000100111011011100100111010111
00000000000000000000000111000000010010000001001000000100100000011100000000000000000000000000000000000000000000000000000000000000000000000000000110000000001100000000000000000100111011011100100111010111
00000000000000000000000111000000010010000001001000000100100000011100000000000000000000000000000000000000000000000000000000000000000000000000000110000000001100000000000000000100111011011100100111010111
00000000000000000000000111000000010010000001001000000100100000011100000000000000000000000000000000000000000000000000000000000000000000000000000110000000001100000000000000000100111011011100100111010111
00000000000000000000000111000000010010000001001000000100100000011100000000000000000000000000000000000000000000000000000000000000000000000000000110000000001100000000000000000100111011011100100111010111
00000000000000000000000111000000010010000001001000000100100000011100000000000000000000000000000000000000000000000000000000000000000000000000000110000000001100000000000000000100111011011100100111010111
00000000000000000000000111000000010010000001001000000100100000011100000000000000000000000000000000000000000000000000000000000000000000000000000110000000001100000000000000000100111011011100100111010111
00000000000000000000000111000000010010000001001000000100100000011100000000000000000000000000000000000000000000000000000000000000000000000000000110000000001100000000000000000100111011011100100111010111
00000000000000000000000111000000010010000001001000000100100000011100000000000000000000000000000000000000000000000000000000000000000000000000000110000000001100000000000000000100111011011100100111010111
00000000000000000000000111000000010010000001001000000100100000011100000000000000000000000000000000000000000000000000000000000000000000000000000110000000001100000000000000000100111011011100100111010111
00000000000000000000000111000000010010000001001000000100100000011100000000000000000000000000000000000000000000000000000000000000000000000000000110000000001100000000000000000100111011011100100111010111
00000000000000000000000111000000010010000001001000000100100000011100000000000000000000000000000000000000000000000000000000000000000000000000000110000000001100000000000000000100111011011100100111010111
00000000000000000000000111000000010010000001001000000100100000011100000000000000000000000000000000000000000000000000000000000000000000000000000000000000011000000000110000000100111011011100100111010111
00000000000000000000000111000000010010000001001000000100100000011100000000000000000000000000000000000000000000000000000000000000000000000000000000000000011000000000110000000100111011011100100111010111
00000000000000000000000111000000010010000001001000000100100000011100000000000000000000000000000000000000000000000000000000000000000000000000000000000000011000000000110000000100111011011100100111010111
00000000000000000000000111000000010010000001001000000100100000011100000000000000000000000000000000000000000000000000000000000000000000000000000000000000011000000000110000000100111011011100100111010111
00000000000000000000000111000000010010000001001000000100100000011100000000000000000000000000000000000000000000000000000000000000000000000000000000000000011000000000110000000100111011011100100111010111
00000000000000000000000111000000010010000001001000000100100000011100000000000000000000000000000000000000000000000000000000000000000000000000000000000000011000000000110000000100111011011100100111010111
00000000000000000000000111000000010010000001001000000100100000011100000000000000000000000000000000000000000000000000000000000000000000000000000000000000011000000000110000000100111011011100100111010111
00000000000000000000000111000000010010000001001000000100100000011100000000000000000000000000000000000000000000000000000000000000000000000000000000000000011000000000110000000100111011011100100111010111
00000000000000000000000111000000010010000001001000000100100000011100000000000000000000000000000000000000000000000000000000000000000000000000000000000000011000000000110000000100111011011100100111010111
00000000000000000000000111000000010010000001001000000100100000011100000000000000000000000000000000000000000000000000000000000000000000000000000000000000011000000000110000000100111011011100100111010111
00000000000000000000000111000000010010000001001000000100100000011100000000000000000000000000000000000000000000000000000000000000000000000000000000000000011000000000110000000100111011011100100111010111
00000000000000000000000111000000010010000001001000000100100000011100000000000000000000000000000000000000000000000000000000000000000000000000000000000000011000000000110000000100111011011100100111010111
00000000000000000000000111000000010010000001001000000100100000011100000000000000000000000000000000000000000000000000000000000000000000000000000000000000011000000000110000000100111011011100100111010111
00000000000000000000000111000000010010000001001000000100100000011100000000000000000000000000000000000000000000000000000000000000000000000000000000000000011000000000110000000100111011011100100111010111
00000000000000000000000111000000010010000001001000000100100000011100000000000000000000000000000000000000000000000000000000000000000000000000000000000000011000000000110000000100111011011100100111010111
00000000000000000000000111000000010010000001001000000100100000011100000000000000000000000000000000000000000000000000000000000000000000000000000000000000011000000000110000000100111011011100100111010111
00000000000000000000000111000000010010000001001000000100100000011100000000000000000000000000000000000000000000000000000000000000000000000000000000000000011000000000110000000100111011011100100111010111
00000000000000000000000111000000010010000001001000000100100000011100000000000000000000000000000000000000000000000000000000000000000000000000000000000000011000000000110000000100111011011100100111010111
00000000000000000000000111000000010010000001001000000100100000011100000000000000000000000000000000000000000000000000000000000000000000000000000000000000011000000000110000000100111011011100100111010111
00000000000000000000000111000000010010000001001000000100100000011100000000000000000000000000000000000000000000000000000000000000000000000000000000000000011000000000110000000100111011011100100111010111
00000000000000000000000111000000010010000001001000000100100000011100000000000000000000000000000000000000000000000000000000000000000000000000000000000000011000000000110000000100111011011100100111010111
00000000000000000000000111000000010010000001001000000100100000011100000000000000000000000000000000000000000000000000000000000000000000000000000000000000011000000000110000000100111011011100100111010111
00000000000000000000000111000000010010000001001000000100100000011100000000000000000000000000000000000000000000000000000000000000000000000000000000000000011000000000110000000100111011011100100111010111
00000000000000000000000111000000010010000001001000000100100000011100000000000000000000000000000000000000000000000000000000000000000000000000000000000000011000000000110000000100111011011100100111010111
00000000000000000000000111000000010010000001001000000100100000011100000000000000000000000000000000000000000000000000000000000000000000000000000000000000011000000000110000000100111011011100100111010111
00000000000000000000000111000000010010000001001000000100100000011100000000000000000000000000000000000000000000000000000000000000000000000000000000000000011000000000110000000100111011011100100111010111
00000000000000000000000111000000010010000001001000000100100000011100000000000000000000000000000000000000000000000000000000000000000000000000000000000000011000000000110000000100111011011100100111010111
00000000000000000000000111000000010010000001001000000100100000011100000000000000000000000000000000000000000000000000000000000000000000000000000000000000011000000000110000000100111011011100100111010111
00000000000000000000000111000000010010000001001000000100100000011100000000000000000000000000000000000000000000000000000000000000000000000000000000000000011000000000110000000100111011011100100111010111
00000000000000000000000111000000010010000001001000000100100000011100000000000000000000000000000000000000000000000000000000000000000000000000000000000000011000000000110000000100111011011100100111010111
00000000000000000000000111000000010010000001001000000100100000011100000000000000000000000000000000000000000000000000000000000000000000000000000000000000011000000000110000000100111011011100100111010111
00000000000000000000000111000000010010000001001000000100100000011100000000000000000000000000000000000000000000000000000000000000000000000000000000000000011000000000110000000100111011011100100111010111
00000000000000000000000111000000010010000001001000000100100000011100000000000000000000000000000000000000000000000000000000000000000000000000000000000000011000000000110000000100111011011100100111010111
00000000000000000000000111000000010010000001001000000100100000011100000000000000000000000000000000000000000000000000000000000000000000000000000000000000011000000000110000000100111011011100100111010111
00000000000000000000000111000000010010000001001000000100100000011100000000000000000000000000000000000000000000000000000000000000000000000000000000000000011000000000110000000100111011011100100111010111
00000000000000000000000111000000010010000001001000000100100000011100000000000000000000000000000000000000000000000000000000000000000000000000000000000000011000000000110000000100111011011100100111010111
00000000000000000000000111000000010010000001001000000100100000011100000000000000000000000000000000000000000000000000000000000000000000000000000000000000011000000000110000000100111011011100100111010111
00000000000000000000000111000000010010000001001000000100100000011100000000000000000000000000000000000000000000000000000000000000000000000000000000000000011000000000110000000100111011011100100111010111
00000000000000000000000111000000010010000001001000000100100000011100000000000000000000000000000000000000000000000000000000000000000000000000000000000000000000000001100000000111111011011100100111010111
00000000000000000000000111000000010010000001001000000100100000011100000000000000000000000000000000000000000000000000000000000000000000000000000000000000000000000001100000000111111011011100100111010111
00000000000000000000000111000000010010000001001000000100100000011100000000000000000000000000000000000000000000000000000000000000000000000000000000000000000000000001100000000111111011011100100111010111
00000000000000000000000111000000010010000001001000000100100000011100000000000000000000000000000000000000000000000000000000000000000000000000000000000000000000000001100000000111111011011100100111010111
00000000000000000000000111000000010010000001001000000100100000011100000000000000000000000000000000000000000000000000000000000000000000000000000000000000000000000001100000000111111011011100100111010111
00000000000000000000000111000000010010000001001000000100100000011100000000000000000000000000000000000000000000000000000000000000000000000000000000000000000000000001100000000111111011011100100111010111
00000000000000000000000111000000010010000001001000000100100000011100000000000000000000000000000000000000000000000000000000000000000000000000000000000000000000000001100000000111111011011100100111010111
00000000000000000000000111000000010010000001001000000100100000011100000000000000000000000000000000000000000000000000000000000000000000000000000000000000000000000001100000000111111011011100100111010111
00000000000000000000000111000000010010000001001000000100100000011100000000000000000000000000000000000000000000000000000000000000000000000000000000000000000000000001100000000111111011011100100111010111
00000000000000000000000111000000010010000001001000000100100000011100000000000000000000000000000000000000000000000000000000000000000000000000000000000000000000000001100000000111111011011100100111010111
00000000000000000000000111000000010010000001001000000100100000011100000000000000000000000000000000000000000000000000000000000000000000000000000000000000000000000001100000000111111011011100100111010111
00000000000000000000000111000000010010000001001000000100100000011100000000000000000000000000000000000000000000000000000000000000000000000000000000000000000000000001100000000111111011011100100111010111
00000000000000000000000111000000010010000001001000000100100000011100000000000000000000000000000000000000000000000000000000000000000000000000000000000000000000000001100000000111111011011100100111010111
00000000000000000000000111000000010010000001001000000100100000011100000000000000000000000000000000000000000000000000000000000000000000000000000000000000000000000001100000000111111011011100100111010111
00000000000000000000000111000000010010000001001000000100100000011100000000000000000000000000000000000000000000000000000000000000000000000000000000000000000000000001100000000111111011011100100111010111
00000000000000000000000111000000010010000001001000000100100000011100000000000000000000000000000000000000000000000000000000000000000000000000000000000000000000000001100000000111111011011100100111010111
00000000000000000000000111000000010010000001001000000100100000011100000000000000000000000000000000000000000000000000000000000000000000000000000000000000000000000001100000000111111011011100100111010111
00000000000000000000000111000000010010000001001000000100100000011100000000000000000000000000000000000000000000000000000000000000000000000000000000000000000000000001100000000111111011011100100111010111
00000000000000000000000111000000010010000001001000000100100000011100000000000000000000000000000000000000000000000000000000000000000000000000000000000000000000000001100000000111111011011100100111010111
00000000000000000000000111000000010010000001001000000100100000011100000000000000000000000000000000000000000000000000000000000000000000000000000000000000000000000001100000000111111011011100100111010111
00000000000000000000000111000000010010000001001000000100100000011100000000000000000000000000000000000000000000000000000000000000000000000000000000000000000000000001100000000111111011011100100111010111
00000000000000000000000111000000010010000001001000000100100000011100000000000000000000000000000000000000000000000000000000000000000000000000000000000000000000000001100000000111111011011100100111010111
00000000000000000000000111000000010010000001001000000100100000011100000000000000000000000000000000000000000000000000000000000000000000000000000000000000000000000001100000000111111011011100100111010111
00000000000000000000000111000000010010000001001000000100100000011100000000000000000000000000000000000000000000000000000000000000000000000000000000000000000000000001100000000111111011011100100111010111
00000000000000000000000111000000010010000001001000000100100000011100000000000000000000000000000000000000000000000000000000000000000000000000000000000000000000000001100000000111111011011100100111010111
00000000000000000000000111000000010010000001001000000100100000011100000000000000000000000000000000000000000000000000000000000000000000000000000000000000000000000001100000000111111011011100100111010111
00000000000000000000000111000000010010000001001000000100100000011100000000000000000000000000000000000000000000000000000000000000000000000000000000000000000000000001100000000111111011011100100111010111
00000000000000000000000111000000010010000001001000000100100000011100000000000000000000000000000000000000000000000000000000000000000000000000000000000000000000000001100000000111111011011100100111010111
00000000000000000000000111000000010010000001001000000100100000011100000000000000000000000000000000000000000000000000000000000000000000000000000000000000000000000001100000000111111011011100100111010111
00000000000000000000000111000000010010000001001000000100100000011100000000000000000000000000000000000000000000000000000000000000000000000000000000000000000000000001100000000111111011011100100111010111
00000000000000000000000111000000010010000001001000000100100000011100000000000000000000000000000000000000000000000000000000000000000000000000000000000000000000000001100000000111111011011100100111010111
00000000000000000000000111000000010010000001001000000100100000011100000000000000000000000000000000000000000000000000000000000000000000000000000000000000000000000001100000000111111011011100100111010111
00000000000000000000000111000000010010000001001000000100100000011100000000000000000000000000000000000000000000000000000000000000000000000000000000000000000000000001100000000111111011011100100111010111
00000000000000000000000111000000010010000001001000000100100000011100000000000000000000000000000000000000000000000000000000000000000000000000000000000000000000000001100000000111111011011100100111010111
00000000000000000000000111000000010010000001001000000100100000011100000000000000000000000000000000000000000000000000000000000000000000000000000000000000000000000001100000000111111011011100100111010111
00000000000000000000000111000000010010000001001000000100100000011100000000000000000000000000000000000000000000000000000000000000000000000000000000000000000000000001100000000111111011011100100111010111
00000000000000000000000111000000010010000001001000000100100000011100000000000000000000000000000000000000000000000000000000000000000000000000000000000000000000000001100000000111111011011100100111010111
00000000000000000000000111000000010010000001001000000100100000011100000000000000000000000000000000000000000000000000000000000000000000000000000000000000000000000001100000000111111011011100100111010111
00000000000000000000000111000000010010000001001000000100100000011100000000000000000000000000000000000000000000000000000000000000000000000000000000000000000000000001100000000111111011011100100111010111
00000000000000000000000111000000010010000001001000000100100000011100000000000000000000000000000000000000000000000000000000000000000000000000000000000000000000000001100000000111111011011100100111010111
00000000000000000000000111000000010010000001001000000100100000011100000000000000000000000000000000000000000000000000000000000000000000000000000000000000000000000001100000000111111011011100100111010111
00000000000000000000000111000000010010000001001000000100100000011100000000000000000000000000000000000000000000000000000000000000000000000000000000000000000000000001100000000111111011011100100111010111
00000000000000000000000111000000010010000001001000000100100000011100000000000000000000000000000000000000000000000000000000000000000000000000000000000000000000000001100000000111111011011100100111010111
00000000000000000000000111000000010010000001001000000100100000011100000000000000000000000000000000000000000000000000000000000000000000000000000000000000000000000001100000000111111011011100100111010111
00000000000000000000000111000000010010000001001000000100100000011100000000000000000000000000000000000000000000000000000000000000000000000000000000000000000000000001100000000111111011011100100111010111
00000000000000000000000111000000010010000001001000000100100000011100000000000000000000000000000000000000000000000000000000000000000000000000000000000000000000000001100000000111111011011100100111010111
00000000000000000000000111000000010010000001001000000100100000011100000000000000000000000000000000000000000000000000000000000000000000000000000000000000000000000001100000000111111011011100100111010111
00000000000000000000000111000000010010000001001000000100100000011100000000000000000000000000000000000000000000000000000000000000000000000000000000000000000000000001100000000111111011011100100111010111
00000000000000000000000111000000010010000001001000000100100000011100000000000000000000000000000000000000000000000000000000000000000000000000000000000000000000000001100000000111111011011100100111010111
00000000000000000000000111000000010010000001001000000100100000011100000000000000000000000000000000000000000000000000000000000000000000000000000000000000000000000001100000000111111011011100100111010111
00000000000000000000000111000000010010000001001000000100100000011100000000000000000000000000000000000000000000000000000000000000000000000000000000000000000000000001100000000111111011011100100111010111
00000000000000000000000111000000010010000001001000000100100000011100000000000000000000000000000000000000000000000000000000000000000000000000000000000000000000000001100000000111111011011100100111010111
00000000000000000000000111000000010010000001001000000100100000011100000000000000000000000000000000000000000000000000000000000000000000000000000000000000000000000001100000000111111011011100100111010111
00000000000000000000000111000000010010000001001000000100100000011100000000000000000000000000000000000000000000000000000000000000000000000000000000000000000000000001100000000111111011011100100111010111
00000000000000000000000111000000010010000001001000000100100000011100000000000000000000000000000000000000000000000000000000000000000000000000000000000000000000000001100000000111111011011100100111010111
00000000000000000000000111000000010010000001001000000100100000011100000000000000000000000000000000000000000000000000000000000000000000000000000000000000000000000001100000000111111011011100100111010111
00000000000000000000000111000000010010000001001000000100100000011100000000000000000000000000000000000000000000000000000000000000000000000000000000000000000000000001100000000111111011011100100111010111
00000000000000000000000111000000010010000001001000000100100000011100000000000000000000000000000000000000000000000000000000000000000000000000000000000000000000000001100000000111111011011100100111010111
00000000000000000000000111000000010010000001001000000100100000011100000000000000000000000000000000000000000000000000000000000000000000000000000000000000000000000001100000000111111011011100100111010111
00000000000000000000000111000000010010000001001000000100100000011100000000000000000000000000000000000000000000000000000000000000000000000000000000000000000000000001100000000111111011011100100111010111
00000000000000000000000111000000010010000001001000000100100000011100000000000000000000000000000000000000000000000000000000000000000000000000000000000000000000000001100000000111111011011100100111010111
00000000000000000000000111000000010010000001001000000100100000011100000000000000000000000000000000000000000000000000000000000000000000000000000000000000000000000001100000000111111011011100100111010111
00000000000000000000000111000000010010000001001000000100100000011100000000000000000000000000000000000000000000000000000000000000000000000000000000000000000000000001100000000111111011011100100111010111
00000000000000000000000111000000010010000001001000000100100000011100000000000000000000000000000000000000000000000000000000000000000000000000000000000000000000000001100000000111111011011100100111010111
00000000000000000000000111000000010010000001001000000100100000011100000000000000000000000000000000000000000000000000000000000000000000000000000000000000000000000001100000000111111011011100100111010111
00000000000000000000000111000000010010000001001000000100100000011100000000000000000000000000000000000000000000000000000000000000000000000000000000000000000000000001100000000111111011011100100111010111
00000000000000000000000111000000010010000001001000000100100000011100000000000000000000000000000000000000000000000000000000000000000000000000000000000000000000000001100000000111111011011100100111010111
00000000000000000000000111000000010010000001001000000100100000011100000000000000000000000000000000000000000000000000000000000000000000000000000000000000000000000001100000000111111011011100100111010111
00000000000000000000000111000000010010000001001000000100100000011100000000000000000000000000000000000000000000000000000000000000000000000000000000000000000000000001100000000111111011011100100111010111
00000000000000000000000111000000010010000001001000000100100000011100000000000000000000000000000000000000000000000000000000000000000000000000000000000000000000000001100000000111111011011100100111010111
00000000000000000000000111000000010010000001001000000100100000011100000000000000000000000000000000000000000000000000000000000000000000000000000000000000000000000001100000000111111011011100100111010111
00000000000000000000000111000000010010000001001000000100100000011100000000000000000000000000000000000000000000000000000000000000000000000000000000000000000000000001100000000111111011011100100111010111
00000000000000000000000111000000010010000001001000000100100000011100000000000000000000000000000000000000000000000000000000000000000000000000000000000000000000000001100000000111111011011100100111010111
00000000000000000000000111000000010010000001001000000100100000011100000000000000000000000000000000000000000000000000000000000000000000000000000000000000000000000001100000000111111011011100100111010111
00000000000000000000000111000000010010000001001000000100100000011100000000000000000000000000000000000000000000000000000000000000000000000000000000000000000000000001100000000111111011011100100111010111
00000000000000000000000111000000010010000001001000000100100000011100000000000000000000000000000000000000000000000000000000000000000000000000000000000000000000000001100000000111111011011100100111010111
00000000000000000000000111000000010010000001001000000100100000011100000000000000000000000000000000000000000000000000000000000000000000000000000000000000000000000001100000000111111011011100100111010111
00000000000000000000000111000000010010000001001000000100100000011100000000000000000000000000000000000000000000000000000000000000000000000000000000000000000000000001100000000111111011011100100111010111
00000000000000000000000111000000010010000001001000000100100000011100000000000000000000000000000000000000000000000000000000000000000000000000000000000000000000000001100000000111111011011100100111010111
00000000000000000000000111000000010010000001001000000100100000011100000000000000000000000000000000000000000000000000000000000000000000000000000000000000000000000001100000000111111011011100100111010111
00000000000000000000000111000000010010000001001000000100100000011100000000000000000000000000000000000000000000000000000000000000000000000000000000000000000000000001100000000111111011011100100111010111
00000000000000000000000111000000010010000001001000000100100000011100000000000000000000000000000000000000000000000000000000000000000000000000000000000000000000000001100000000111111011011100100111010111
00000000000000000000000111000000010010000001001000000100100000011100000000000000000000000000000000000000000000000000000000000000000000000000000000000000000000000001100000000111111011011100100111010111
00000000000000000000000111000000010010000001001000000100100000011100000000000000000000000000000000000000000000000000000000000000000000000000000000000000000000000001100000000111111011011100100111010111
00000000000000000000000111000000010010000001001000000100100000011100000000000000000000000000000000000000000000000000000000000000000000000000000000000000000000000001100000000111111011011100100111010111
00000000000000000000000111000000010010000001001000000100100000011100000000000000000000000000000000000000000000000000000000000000000000000000000000000000000000000001100000000111111011011100100111010111
00000000000000000000000111000000010010000001001000000100100000011100000000000000000000000000000000000000000000000000000000000000000000000000000000000000000000000001100000000111111011011100100111010111
00000000000000000000000111000000010010000001001000000100100000011100000000000000000000000000000000000000000000000000000000000000000000000000000000000000000000000001100000000111111011011100100111010111
00000000000000000000000111000000010010000001001000000100100000011100000000000000000000000000000000000000000000000000000000000000000000000000000000000000000000000001100000000111111011011100100111010111
00000000000000000000000111000000010010000001001000000100100000011100000000000000000000000000000000000000000000000000000000000000000000000000000000000000000000000001100000000111111011011100100111010111
00000000000000000000000111000000010010000001001000000100100000011100000000000000000000000000000000000000000000000000000000000000000000000000000000000000000000000001100000000111111011011100100111010111
00000000000000000000000111000000010010000001001000000100100000011100000000000000000000000000000000000000000000000000000000000000000000000000000000000000000000000001100000000111111011011100100111010111
00000000000000000000000111000000010010000001001000000100100000011100000000000000000000000000000000000000000000000000000000000000000000000000000000000000000000000001100000000111111011011100100111010111
