00000000000000000000000011100000010000000001000000000100000000001110000000000000000000000000000000000001000000001110000010010000011011100001100000000100000000000001000000101110000110010000011011100001
00000000000000000000000011100000010000000001000000000100000000001110000000000000000000000000000000000001000000001110000010010000011011100001100000000100000000000001000000101110000110010000011011100001
00000000000000000000000011100000010000000001000000000100000000001110000000000000000000000000000000000001000000001110000010010000011011100001100000000100000000000001000000101110000110010000011011100001
00000000000000000000000011100000010000000001000000000100000000001110000000000000000000000000000000000001000000001110000010010000011011100001100000000100000000000001000000101110000110010000011011100001
00000000000000000000000011100000010000000001000000000100000000001110000000000000000000000000000000000001000000001110000010010000011011100001100000000100000000000001000000101110000110010000011011100001
00000000000000000000000011100000010000000001000000000100000000001110000000000000000000000000000000000001000000001110000010010000011011100001100000000100000000000001000000101110000110010000011011100001
00000000000000000000000011100000010000000001000000000100000000001110000000000000000000000000000000000001000000001110000010010000011011100001100000000100000000000001000000101110000110010000011011100001
00000000000000000000000011100000010000000001000000000100000000001110000000000000000000000000000000000001000000001110000010010000011011100001100000000100000000000001000000101110000110010000011011100001
00000000000000000000000011100000010000000001000000000100000000001110000000000000000000000000000000000001000000001110000010010000011011100001100000000100000000000001000000101110000110010000011011100001
00000000000000000000000011100000010000000001000000000100000000001110000000000000000000000000000000000001000000001110000010010000011011100001100000000100000000000001000000101110000110010000011011100001
00000000000000000000000011100000010000000001000000000100000000001110000000000000000000000000000000000000000000000100000010111000011001000001101110000100000000000001000000101110000110010000011011100001
00000000000000000000000011100000010000000001000000000100000000001110000000000000000000000000000000000000000000000100000010111000011001000001101110000100000000000001000000101110000110010000011011100001
00000000000000000000000011100000010000000001000000000100000000001110000000000000000000000000000000000000000000000100000010111000011001000001101110000100000000000001000000101110000110010000011011100001
00000000000000000000000011100000010000000001000000000100000000001110000000000000000000000000000000000000000000000100000010111000011001000001101110000100000000000001000000101110000110010000011011100001
00000000000000000000000011100000010000000001000000000100000000001110000000000000000000000000000000001000000001000100000000111000001001000001101110000110000000010001000000001110000010010000011011100001
00000000000000000000000011100000010000000001000000000100000000001110000000000000000000000000000000001000000001000100000000111000001001000001101110000110000000010001000000001110000010010000011011100001
00000000000000000000000011100000010000000001000000000100000000001110000000000000000000000000000000001000000001000100000000111000001001000001101110000110000000010001000000001110000010010000011011100001
00000000000000000000000011100000010000000001000000000100000000001110000000000000000000000000000000001000000001000100000000111000001001000001101110000110000000010001000000001110000010010000011011100001
00000000000000000000000011100000010000000001000000000100000000001110000000000000000000000000000000001000000001000100000000111000001001000001101110000110000000010001000000001110000010010000011011100001
00000000000000000000000011100000010000000001000000000100000000001110000000000000000000000000000000001000000001000100000000111000001001000001101110000110000000010001000000001110000010010000011011100001
00000000000000000000000011100000010000000001000000000100000000001110000000000000000000000000000000001000000001000100000000111000001001000001101110000110000000010001000000001110000010010000011011100001
00000000000000000000000011100000010000000001000000000100000000001110000000000000000000000000000000001000000001000100000000111000001001000001101110000110000000010001000000001110000010010000011011100001
00000000000000000000000011100000010000000001000000000100000000001110000000000000000000000000000000001000000001000100000000111000001001000001101110000110000000010000001000000001110010000010011000011101
00000000000000000000000011100000010000000001000000000100000000001110000000000000000000000000000000001000000001000000000000010000001011100001100100000110111000010000001000000001110010000010011000011101
00000000000000000000000011100000010000000001000000000100000000001110000000000000000000000000000000001000000001000000000000010000001011100001100100000110111000010000001000000001110010000010011000011101
00000000000000000000000011100000010000000001000000000100000000001110000000000000000000000000000000001000000001000000000000010000001011100001100100000110111000010000001000000001110010000010011000011101
00000000000000000000000011100000010000000001000000000100000000001110000000000000000000000000000000001000000001000000000000010000001011100001100100000110111000010000001000000001110010000010011000011101
00000000000000000000000011100000010000000001000000000100000000001110000000000000000000000000000000001000000001000000000000010000001011100001100100000110111000010000001000000001110010000010011000011101
00000000000000000000000011100000010000000001000000000100000000001110000000000000000000000000000000001000000001000000000000010000001011100001100100000110111000010000001000000001110010000010011000011101
00000000000000000000000011100000010000000001000000000100000000001110000000000000000000000000000000001000000001000000000000010000001011100001100100000110111000010000001000000001110010000010011000011101
00000000000000000000000011100000010000000001000000000100000000001110000000000000000000000000000000001000000001000000000000010000001011100001100100000110111000010000001000000001110010000010011000011101
00000000000000000000000011100000010000000001000000000100000000001110000000000000000000000000000000001000000001000000000000010000001011100001100100000110111000010000001000000001110010000010011000011101
00000000000000000000000011100000010000000001000000000100000000001110000000000000000000000000000000001000000001100000000100010000000011100000100100000110111000011000001001000001110000000010001000011101
00000000000000000000000011100000010000000001000000000100000000001110000000000000000000000000000000001000000001100000000100010000000011100000100100000110111000011000001001000001110000000010001000011101
00000000000000000000000011100000010000000001000000000100000000001110000000000000000000000000000000001000000001100000000100010000000011100000100100000110111000011000001001000001110000000010001000011101
00000000000000000000000011100000010000000001000000000100000000001110000000000000000000000000000000001000000001100000000100010000000011100000100100000110111000011000001001000001110000000010001000011101
00000000000000000000000011100000010000000001000000000100000000001110000000000000000000000000000000001000000001100000000100000000000001000000101110000110010000011011101001000001110000000010001000011101
00000000000000000000000011100000010000000001000000000100000000001110000000000000000000000000000000001000000001100000000100000000000001000000101110000110010000011011101001000001110000000010001000011101
00000000000000000000000011100000010000000001000000000100000000001110000000000000000000000000000000001000000001100000000100000000000001000000101110000110010000011011101001000001110000000010001000011101
00000000000000000000000011100000010000000001000000000100000000001110000000000000000000000000000000001000000001100000000100000000000001000000101110000110010000011011101001000001110000000010001000011101
00000000000000000000000011100000010000000001000000000100000000001110000000000000000000000000000000001000000001100000000100000000000001000000101110000110010000011011101001000001110000000010001000011101
00000000000000000000000011100000010000000001000000000100000000001110000000000000000000000000000000001000000001100000000100000000000001000000101110000110010000011011101001000001110000000010001000011101
00000000000000000000000011100000010000000001000000000100000000001110000000000000000000000000000000001000000001100000000100000000000001000000101110000110010000011011101001000001110000000010001000011101
00000000000000000000000011100000010000000001000000000100000000001110000000000000000000000000000000001000000001100000000100000000000001000000101110000110010000011011101001000001110000000010001000011101
00000000000000000000000011100000010000000001000000000100000000001110000000000000000000000000000000001000000001100000000100000000000001000000101110000110010000011011101001000001110000000010001000011101
00000000000000000000000011100000010000000001000000000100000000001110000000000000000000000000000000001000000001100000000100000000000001000000101110000110010000011011101001000001110000000010001000011101
00000000000000000000000011100000010000000001000000000100000000001110000000000000000000000000000000001000000001100000000100000000000001000000101110000110010000011011101001000001110000000010001000011101
00000000000000000000000011100000010000000001000000000100000000001110000000000000000000000000000000001000000001100000000100000000000001000000101110000110010000011011101001000001110000000010001000011101
00000000000000000000000011100000010000000001000000000100000000001110000000000000000000000000000000001000000001100000000100000000000001000000101110000110010000011011101001000001110000000010001000011101
00000000000000000000000011100000010000000001000000000100000000001110000000000000000000000000000000001011100001100000000100000000000000000000100100000110111000011001001001001111110000000010001000011101
00000000000000000000000011100000010000000001000000000100000000001110000000000000000000000000000000001011100001100000000110000000010000000000000100000010111000011001001001101111110100000010000000011100
00000000000000000000000011100000010000000001000000000100000000001110000000000000000000000000000000001011100001100000000110000000010000000000000100000010111000011001001001101111110100000010000000011100
00000000000000000000000011100000010000000001000000000100000000001110000000000000000000000000000000001011100001100000000110000000010000000000000100000010111000011001001001101111110100000010000000011100
00000000000000000000000011100000010000000001000000000100000000001110000000000000000000000000000000001011100001100000000110000000010000000000000100000010111000011001001001101111110100000010000000011100
00000000000000000000000011100000010000000001000000000100000000001110000000000000000000000000000000001011100001100000000110000000010000000000000100000010111000011001001001101111110100000010000000011100
00000000000000000000000011100000010000000001000000000100000000001110000000000000000000000000000000001011100001100000000110000000010000000000000100000010111000011001001001101111110100000010000000011100
00000000000000000000000011100000010000000001000000000100000000001110000000000000000000000000000000001011100001100000000110000000010000000000000100000010111000011001001001101111110100000010000000011100
00000000000000000000000011100000010000000001000000000100000000001110000000000000000000000000000000001011100001100000000110000000010000000000000100000010111000011001001001101111110100000010000000011100
00000000000000000000000011100000010000000001000000000100000000001110000000000000000000000000000000001011100001100000000110000000010000000000000100000010111000011001001001101111110100000010000000011100
00000000000000000000000011100000010000000001000000000100000000001110000000000000000000000000000000001011100001100000000110000000010000000000000100000010111000011001001001101111110100000010000000011100
00000000000000000000000011100000010000000001000000000100000000001110000000000000000000000000000000001011100001100000000110000000010000000000000100000010111000011001001001101111110100000010000000011100
00000000000000000000000011100000010000000001000000000100000000001110000000000000000000000000000000001011100001100000000110000000010000000000000100000010111000011001001001101111110100000010000000011100
00000000000000000000000011100000010000000001000000000100000000001110000000000000000000000000000000001001000001101110000110000000010000000000000000000010010000011011101001100101110100111010000000011100
00000000000000000000000011100000010000000001000000000100000000001110000000000000000000000000000000001001000001101110000110000000010000000000000000000010010000011011101001100101110100111010000000011100
00000000000000000000000011100000010000000001000000000100000000001110000000000000000000000000000000001001000001101110000110000000010000000000000000000010010000011011101001100101110100111010000000011100
00000000000000000000000011100000010000000001000000000100000000001110000000000000000000000000000000001001000001101110000110000000010000000000000000000010010000011011101001100101110100111010000000011100
00000000000000000000000011100000010000000001000000000100000000001110000000000000000000000000000000001001000001101110000110000000010000000000000000000010010000011011101001100101110100111010000000011100
00000000000000000000000011100000010000000001000000000100000000001110000000000000000000000000000000001001000001101110000110000000010000000000000000000010010000011011101001100101110100111010000000011100
00000000000000000000000011100000010000000001000000000100000000001110000000000000000000000000000000000001000000101110000110000000011000000001000000000000010000001011101001100101110110111010010000011100
00000000000000000000000011100000010000000001000000000100000000001110000000000000000000000000000000000001000000101110000110000000011000000001000000000000010000001011101001100101110110111010010000011100
00000000000000000000000011100000010000000001000000000100000000001110000000000000000000000000000000000001000000101110000110000000011000000001000000000000010000001011101001100101110110111010010000011100
00000000000000000000000011100000010000000001000000000100000000001110000000000000000000000000000000000001000000101110000110000000011000000001000000000000010000001011101001100101110110111010010000011100
00000000000000000000000011100000010000000001000000000100000000001110000000000000000000000000000000000001000000101110000110000000011000000001000000000000010000001011101001100101110110111010010000011100
00000000000000000000000011100000010000000001000000000100000000001110000000000000000000000000000000000001000000101110000110000000011000000001000000000000010000001011101001100101110110111010010000011100
00000000000000000000000011100000010000000001000000000100000000001110000000000000000000000000000000000001000000101110000110000000011000000001000000000000010000001011101001100101110110111010010000011100
00000000000000000000000011100000010000000001000000000100000000001110000000000000000000000000000000000011100000100100000110111000011000000001000000000000000000001001001001101111110110010010010011111100
00000000000000000000000011100000010000000001000000000100000000001110000000000000000000000000000000000011100000100100000110111000011000000001000000000000000000001001001001101111110110010010010011111100
00000000000000000000000011100000010000000001000000000100000000001110000000000000000000000000000000000011100000100100000110111000011000000001000000000000000000001001001001101111110110010010010011111100
00000000000000000000000011100000010000000001000000000100000000001110000000000000000000000000000000000011100000100100000110111000011000000001000000000000000000001001001001101111110110010010010011111100
00000000000000000000000011100000010000000001000000000100000000001110000000000000000000000000000000000011100000100100000110111000011000000001000000000000000000001001001001101111110110010010010011111100
00000000000000000000000011100000010000000001000000000100000000001110000000000000000000000000000000000011100000100100000110111000011000000001000000000000000000001001001001101111110110010010010011111100
00000000000000000000000011100000010000000001000000000100000000001110000000000000000000000000000000000011100000100100000110111000011000000001000000000000000000001001001001101111110110010010010011111100
00000000000000000000000011100000010000000001000000000100000000001110000000000000000000000000000000000011100000100100000110111000011000000001000000000000000000001001001001101111110110010010010011111100
00000000000000000000000011100000010000000001000000000100000000001110000000000000000000000000000000000011100000100100000110111000011000000001000000000000000000001001001001101111110110010010010011111100
00000000000000000000000011100000010000000001000000000100000000001110000000000000000000000000000000000011100000100100000110111000011000000001000000000000000000001001001001101111110110010010010011111100
00000000000000000000000011100000010000000001000000000100000000001110000000000000000000000000000000000011100000100100000110111000011000000001000000000000000000001001001001101111110110010010010011111100
00000000000000000000000011100000010000000001000000000100000000001110000000000000000000000000000000000011100000000100000010111000011000000001100000000100000000000001001000101111110110010010011011111101
00000000000000000000000011100000010000000001000000000100000000001110000000000000000000000000000000000011100000000100000010111000011000000001100000000100000000000001001000101111110110010010011011111101
00000000000000000000000011100000010000000001000000000100000000001110000000000000000000000000000000000001000000001110000010010000011011100001100000000100000000000000001000100101110110111010011001011101
00000000000000000000000011100000010000000001000000000100000000001110000000000000000000000000000000000001000000001110000010010000011011100001100000000100000000000000001000100101110110111010011001011101
00000000000000000000000011100000010000000001000000000100000000001110000000000000000000000000000000000001000000001110000010010000011011100001100000000100000000000000001000100101110110111010011001011101
00000000000000000000000011100000010000000001000000000100000000001110000000000000000000000000000000000001000000001110000010010000011011100001100000000100000000000000001000100101110110111010011001011101
00000000000000000000000011100000010000000001000000000100000000001110000000000000000000000000000000000001000000001110000010010000011011100001100000000100000000000000001000100101110110111010011001011101
00000000000000000000000011100000010000000001000000000100000000001110000000000000000000000000000000000001000000001110000010010000011011100001100000000100000000000000001000100101110110111010011001011101
00000000000000000000000011100000010000000001000000000100000000001110000000000000000000000000000000000001000000001110000010010000011011100001100000000100000000000000001000100101110110111010011001011101
00000000000000000000000011100000010000000001000000000100000000001110000000000000000000000000000000000001000000001110000010010000011011100001100000000100000000000000001000100101110110111010011001011101
00000000000000000000000011100000010000000001000000000100000000001110000000000000000000000000000000000001000000001110000010010000011011100001100000000100000000000000001000100101110110111010011001011101
00000000000000000000000011100000010000000001000000000100000000001110000000000000000000000000000000000001000000001110000010010000011011100001100000000100000000000000001000100101110110111010011001011101
00000000000000000000000011100000010000000001000000000100000000001110000000000000000000000000000000000001000000001110000010010000011011100001100000000100000000000000001000100101110110111010011001011101
00000000000000000000000011100000010000000001000000000100000000001110000000000000000000000000000000000001000000001110000010010000011011100001100000000100000000000000001000100101110110111010011001011101
00000000000000000000000011100000010000000001000000000100000000001110000000000000000000000000000000000001000000001110000010010000011011100001100000000100000000000000001000100101110110111010011001011101
00000000000000000000000011100000010000000001000000000100000000001110000000000000000000000000000000000000000000000100000010111000011001000001101110000100000000000000001000100001110110010010011011111101
00000000000000000000000011100000010000000001000000000100000000001110000000000000000000000000000000000000000000000100000010111000011001000001101110000100000000000000001000100001110110010010011011111101
00000000000000000000000011100000010000000001000000000100000000001110000000000000000000000000000000000000000000000100000010111000011001000001101110000100000000000000001000100001110110010010011011111101
00000000000000000000000011100000010000000001000000000100000000001110000000000000000000000000000000001000000001000100000000111000001001000001101110000110000000010000001000000001110010010010011011111101
00000000000000000000000011100000010000000001000000000100000000001110000000000000000000000000000000001000000001000100000000111000001001000001101110000110000000010000001000000001110010010010011011111101
00000000000000000000000011100000010000000001000000000100000000001110000000000000000000000000000000001000000001000100000000111000001001000001101110000110000000010000001000000001110010010010011011111101
00000000000000000000000011100000010000000001000000000100000000001110000000000000000000000000000000001000000001000100000000111000001001000001101110000110000000010000001000000001110010010010011011111101
00000000000000000000000011100000010000000001000000000100000000001110000000000000000000000000000000001000000001000100000000111000001001000001101110000110000000010000001000000001110010010010011011111101
00000000000000000000000011100000010000000001000000000100000000001110000000000000000000000000000000001000000001000100000000111000001001000001101110000110000000010000001000000001110010010010011011111101
00000000000000000000000011100000010000000001000000000100000000001110000000000000000000000000000000001000000001000100000000111000001001000001101110000110000000010000001000000001110010010010011011111101
00000000000000000000000011100000010000000001000000000100000000001110000000000000000000000000000000001000000001000100000000111000001001000001101110000110000000010000001000000001110010010010011011111101
00000000000000000000000011100000010000000001000000000100000000001110000000000000000000000000000000001000000001000100000000111000001001000001101110000110000000010000001000000001110010010010011011111101
00000000000000000000000011100000010000000001000000000100000000001110000000000000000000000000000000001000000001000100000000111000001001000001101110000110000000010000001000000001110010010010011011111101
00000000000000000000000011100000010000000001000000000100000000001110000000000000000000000000000000001000000001000000000000010000001011100001100100000110111000010000001000000001110010000010011001011101
00000000000000000000000011100000010000000001000000000100000000001110000000000000000000000000000000001000000001000000000000010000001011100001100100000110111000010000001000000001110010000010011000011101
00000000000000000000000011100000010000000001000000000100000000001110000000000000000000000000000000001000000001000000000000010000001011100001100100000110111000010000001000000001110010000010011000011101
00000000000000000000000011100000010000000001000000000100000000001110000000000000000000000000000000001000000001000000000000010000001011100001100100000110111000010000001000000001110010000010011000011101
00000000000000000000000011100000010000000001000000000100000000001110000000000000000000000000000000001000000001000000000000010000001011100001100100000110111000010000001000000001110010000010011000011101
00000000000000000000000011100000010000000001000000000100000000001110000000000000000000000000000000001000000001000000000000010000001011100001100100000110111000010000001000000001110010000010011000011101
00000000000000000000000011100000010000000001000000000100000000001110000000000000000000000000000000001000000001000000000000010000001011100001100100000110111000010000001000000001110010000010011000011101
00000000000000000000000011100000010000000001000000000100000000001110000000000000000000000000000000001000000001000000000000010000001011100001100100000110111000010000001000000001110010000010011000011101
00000000000000000000000011100000010000000001000000000100000000001110000000000000000000000000000000001000000001100000000100010000000011100000100100000110111000011000001001000001110000000010001000011101
00000000000000000000000011100000010000000001000000000100000000001110000000000000000000000000000000001000000001100000000100010000000011100000100100000110111000011000001001000001110000000010001000011101
00000000000000000000000011100000010000000001000000000100000000001110000000000000000000000000000000001000000001100000000100010000000011100000100100000110111000011000001001000001110000000010001000011101
00000000000000000000000011100000010000000001000000000100000000001110000000000000000000000000000000001000000001100000000100010000000011100000100100000110111000011000001001000001110000000010001000011101
00000000000000000000000011100000010000000001000000000100000000001110000000000000000000000000000000001000000001100000000100010000000011100000100100000110111000011000001001000001110000000010001000011101
00000000000000000000000011100000010000000001000000000100000000001110000000000000000000000000000000001000000001100000000100000000000001000000101110000110010000011011101001000001110000000010001000011101
00000000000000000000000011100000010000000001000000000100000000001110000000000000000000000000000000001000000001100000000100000000000001000000101110000110010000011011101001000001110000000010001000011101
00000000000000000000000011100000010000000001000000000100000000001110000000000000000000000000000000001000000001100000000100000000000001000000101110000110010000011011101001000001110000000010001000011101
00000000000000000000000011100000010000000001000000000100000000001110000000000000000000000000000000001000000001100000000100000000000001000000101110000110010000011011101001000001110000000010001000011101
00000000000000000000000011100000010000000001000000000100000000001110000000000000000000000000000000001000000001100000000100000000000001000000101110000110010000011011101001000001110000000010001000011101
00000000000000000000000011100000010000000001000000000100000000001110000000000000000000000000000000001000000001100000000100000000000001000000101110000110010000011011101001000001110000000010001000011101
00000000000000000000000011100000010000000001000000000100000000001110000000000000000000000000000000001000000001100000000100000000000001000000101110000110010000011011101001000001110000000010001000011101
00000000000000000000000011100000010000000001000000000100000000001110000000000000000000000000000000001000000001100000000100000000000001000000101110000110010000011011101001000001110000000010001000011101
00000000000000000000000011100000010000000001000000000100000000001110000000000000000000000000000000001000000001100000000100000000000001000000101110000110010000011011101001000001110000000010001000011101
00000000000000000000000011100000010000000001000000000100000000001110000000000000000000000000000000001000000001100000000100000000000001000000101110000110010000011011101001000001110000000010001000011101
00000000000000000000000011100000010000000001000000000100000000001110000000000000000000000000000000001000000001100000000100000000000001000000101110000110010000011011101001000001110000000010001000011101
00000000000000000000000011100000010000000001000000000100000000001110000000000000000000000000000000001000000001100000000100000000000001000000101110000110010000011011101001000001110000000010001000011101
00000000000000000000000011100000010000000001000000000100000000001110000000000000000000000000000000001000000001100000000100000000000001000000101110000110010000011011101001000001110000000010001000011101
00000000000000000000000011100000010000000001000000000100000000001110000000000000000000000000000000001000000001100000000110000000010000000000000100000010111000011001001001101111110100000010000000011100
00000000000000000000000011100000010000000001000000000100000000001110000000000000000000000000000000001000000001100000000110000000010000000000000100000010111000011001001001101111110100000010000000011100
00000000000000000000000011100000010000000001000000000100000000001110000000000000000000000000000000001000000001100000000110000000010000000000000100000010111000011001001001101111110100000010000000011100
00000000000000000000000011100000010000000001000000000100000000001110000000000000000000000000000000001000000001100000000110000000010000000000000100000010111000011001001001101111110100000010000000011100
00000000000000000000000011100000010000000001000000000100000000001110000000000000000000000000000000001000000001100000000110000000010000000000000100000010111000011001001001101111110100000010000000011100
00000000000000000000000011100000010000000001000000000100000000001110000000000000000000000000000000001000000001100000000110000000010000000000000100000010111000011001001001101111110100000010000000011100
00000000000000000000000011100000010000000001000000000100000000001110000000000000000000000000000000001000000001100000000110000000010000000000000100000010111000011001001001101111110100000010000000011100
00000000000000000000000011100000010000000001000000000100000000001110000000000000000000000000000000001000000001100000000110000000010000000000000100000010111000011001001001101111110100000010000000011100
00000000000000000000000011100000010000000001000000000100000000001110000000000000000000000000000000001000000001100000000110000000010000000000000100000010111000011001001001101111110100000010000000011100
00000000000000000000000011100000010000000001000000000100000000001110000000000000000000000000000000001000000001100000000110000000010000000000000100000010111000011001001001101111110100000010000000011100
00000000000000000000000011100000010000000001000000000100000000001110000000000000000000000000000000001000000001100000000110000000010000000000000100000010111000011001001001101111110100000010000000011100
00000000000000000000000011100000010000000001000000000100000000001110000000000000000000000000000000001000000001100000000110000000010000000000000100000010111000011001001001101111110100000010000000011100
00000000000000000000000011100000010000000001000000000100000000001110000000000000000000000000000000001000000001100000000110000000010000000000000100000010111000011001001001101111110100000010000000011100
00000000000000000000000011100000010000000001000000000100000000001110000000000000000000000000000000001011100001100000000110000000010000000000000000000010010000011011101001100101110100111010000000011100
00000000000000000000000011100000010000000001000000000100000000001110000000000000000000000000000000001011100001100000000110000000010000000000000000000010010000011011101001100101110100111010000000011100
00000000000000000000000011100000010000000001000000000100000000001110000000000000000000000000000000001011100001100000000110000000010000000000000000000010010000011011101001100101110100111010000000011100
00000000000000000000000011100000010000000001000000000100000000001110000000000000000000000000000000001011100001100000000110000000010000000000000000000010010000011011101001100101110100111010000000011100
00000000000000000000000011100000010000000001000000000100000000001110000000000000000000000000000000001011100001100000000110000000010000000000000000000010010000011011101001100101110100111010000000011100
00000000000000000000000011100000010000000001000000000100000000001110000000000000000000000000000000000011100000100000000110000000011000000001000000000000010000001011101001100101110110111010010000011100
00000000000000000000000011100000010000000001000000000100000000001110000000000000000000000000000000000011100000100000000110000000011000000001000000000000010000001011101001100101110110111010010000011100
00000000000000000000000011100000010000000001000000000100000000001110000000000000000000000000000000000011100000100000000110000000011000000001000000000000010000001011101001100101110110111010010000011100
00000000000000000000000011100000010000000001000000000100000000001110000000000000000000000000000000000011100000100000000110000000011000000001000000000000010000001011101001100101110110111010010000011100
00000000000000000000000011100000010000000001000000000100000000001110000000000000000000000000000000000011100000100000000110000000011000000001000000000000010000001011101001100101110110111010010000011100
00000000000000000000000011100000010000000001000000000100000000001110000000000000000000000000000000000011100000100000000110000000011000000001000000000000010000001011101001100101110110111010010000011100
00000000000000000000000011100000010000000001000000000100000000001110000000000000000000000000000000000011100000100000000110000000011000000001000000000000010000001011101001100101110110111010010000011100
00000000000000000000000011100000010000000001000000000100000000001110000000000000000000000000000000000011100000100000000110000000011000000001000000000000010000001011101001100101110110111010010000011100
