00000000000000000000000111100000010000000001110000000100000000010000000000000000000000000000000000000101011110001111000010001001010110110001110001011100000000000000000000000000000000000100000000111000
00000000000000000000000111100000010000000001110000000100000000010000000000000000000000000000000000000101011110001111000010001001010110110001110001011100000000000000000000000000000000000100000000111000
00000000000000000000000111100000010000000001110000000100000000010000000000000000000000000000000000000101011110001111000010001001010110110001110001011100000000000000000000000000000000000100000000111000
00000000000000000000000111100000010000000001110000000100000000010000000000000000000000000000000000000101011110001111000010001001010110110001110001011100000000000000000000000000000000000100000000111000
00000000000000000000000111100000010000000001110000000100000000010000000000000000000000000000000000000101011110001111000010001001010110110001110001011100000000000000000000000000000000000100000000111000
00000000000000000000000111100000010000000001110000000100000000010000000000000000000000000000000000000101011110001111000010001001010110110001110001011100000000000000000000000000000000000100000000111000
00000000000000000000000111100000010000000001110000000100000000010000000000000000000000000000000000000101011110001111000010001001010110110001110001011100000000000000000000000000000000000100000000111000
00000000000000000000000111100000010000000001110000000100000000010000000000000000000000000000000000000101011110001111000010001001010110110001110001011100000000000000000000000000000000000100000000111000
00000000000000000000000111100000010000000001110000000100000000010000000000000000000000000000000000000101011110001111000010001001010110110001110001011100000000000000000000000000000000000100000000111000
00000000000000000000000111100000010000000001110000000100000000010000000000000000000000000000000000000101011110001111000010001001010110110001110001011100000000000000000000000000000000000100000000111000
00000000000000000000000111100000010000000001110000000100000000010000000000000000000000000000000000000101011110001111000010001001010110110001110001011100000000000000000000000000000000000100000000111000
00000000000000000000000111100000010000000001110000000100000000010000000000000000000000000000000000000101011110001111000010001001010110110001110001011100000000000000000000000000000000000100000000111000
00000000000000000000000111100000010000000001110000000100000000010000000000000000000000000000000000000101011110001111000010001001010110110001110001011100000000000000000000000000000000000100000000111000
00000000000000000000000111100000010000000001110000000100000000010000000000000000000000000000000000000101011110001111000010001001010110110001110001011100000000000000000000000000000000000100000000111000
00000000000000000000000111100000010000000001110000000100000000010000000000000000000000000000000000000101011110001111000010001001010110110001110001011100000000000000000000000000000000000100000000111000
00000000000000000000000111100000010000000001110000000100000000010000000000000000000000000000000000000101011110001111000010001001010110110001110001011100000000000000000000000000000000000100000000111000
00000000000000000000000111100000010000000001110000000100000000010000000000000000000000000000000000000101011110001111000010001001010110110001110001011100000000000000000000000000000000000100000000111000
00000000000000000000000111100000010000000001110000000100000000010000000000000000000000000000000000000101011110001111000010001001010110110001110001011100000000000000000000000000000000000100000000111000
00000000000000000000000111100000010000000001110000000100000000010000000000000000000000000000000000000101011110001111000010001001010110110001110001011100000000000000000000000000000000000100000000111000
00000000000000000000000111100000010000000001110000000100000000010000000000000000000000000000000000000101011110001111000010001001010110110001110001011100000000000000010000000000000000000100000000111000
00000000000000000000000111100000010000000001110000000100000000010000000000000000000000000000000000000101011110001111000010001001010110110001110001011100000100000000000000000000000000000100000000111000
00000000000000000000000111100000010000000001110000000100000000010000000000000000000000000000000000000101011110001111000010001001010110110001110000011100000000000000000000000000000000000100000000111000
00000000000000000000000111100000010000000001110000000100000000010000000000000000000000000000000000000101011110001111000010001001010110110001110000011100000000000000000000000000000000000100000000111000
00000000000000000000000111100000010000000001110000000100000000010000000000000000000000000000000000000101011110001111000010001001010110110001110000011100000000000000000000000000000000000100000000111000
00000000000000000000000111100000010000000001110000000100000000010000000000000000000000000000000000000101011110001111000010001001010110110001110000011100000000000000000000000000000000000100000000111000
00000000000000000000000111100000010000000001110000000100000000010000000000000000000000000000000000000101011110001111000010001001010110110001110000011100000000000000000000000000000000000100000000111000
00000000000000000000000111100000010000000001110000000100000000010000000000000000000000000000000000000101011110001111000010001001010110110001110000011100000000000000000000000000000000000100000000111000
00000000000000000000000111100000010000000001110000000100000000010000000000000000000000000000000000000101011110001111000010001001010110110001110000011100000000000000000000000000000000000100000000111000
00000000000000000000000111100000010000000001110000000100000000010000000000000000000000000000000000000101011110001111000010001001010110110001110000011100000000000000000000000000000000000100000000111000
00000000000000000000000111100000010000000001110000000100000000010000000000000000000000000000000000000101011110001111000010001001010110110001110000011100000000000000000000000000000000000100000000111000
00000000000000000000000111100000010000000001110000000100000000010000000000000000000000000000000000000101011110001111000010001001010110110001110000011100000000000000000000000000000000000100000000111000
00000000000000000000000111100000010000000001110000000100000000010000000000000000000000000000000000000101011110001111000010001001010110110001110000011100000000000000000000000000000000000100000000111000
00000000000000000000000111100000010000000001110000000100000000010000000000000000000000000000000000000101011110001111000010001001010110110001110000011100000000000000000000000000000000000100000000111000
00000000000000000000000111100000010000000001110000000100000000010000000000000000000000000000000000000101011110001111000010001001010110110001110000011100000000000000000000000000000000000100000000111000
00000000000000000000000111100000010000000001110000000100000000010000000000000000000000000000000000000101011110001111000010001001010110110001110000011100000000000000000000000000000000000100000000111000
00000000000000000000000111100000010000000001110000000100000000010000000000000000000000000000000000000101011110001111000010001001010110110001110000011100000000000000000000000000000000000100000000111000
00000000000000000000000111100000010000000001110000000100000000010000000000000000000000000000000000000101011110001111000010001001010110110001110000011100000000000000000000000000000000000100000000111000
00000000000000000000000111100000010000000001110000000100000000010000000000000000000000000000000000000101011110001111000010001001010110110001110000011100000000000000000000000000000000000100000000111000
00000000000000000000000111100000010000000001110000000100000000010000000000000000000000000000000000000101011110001111000010001001010110110001110000011100000000000000000000000000000000000100000000111000
00000000000000000000000111100000010000000001110000000100000000010000000000000000000000000000000000000101011110001111000010001001010110110001110000011100000000000000000000000000000000000100000000111000
00000000000000000000000111100000010000000001110000000100000000010000000000000000000000000000000000000101011110001111000010001001010110110001110000011100000000000000000000000000000000000100000000111000
00000000000000000000000111100000010000000001110000000100000000010000000000000000000000000000000000000101011110001111000010001001010110110001110000011100000000000000000000000000000000000100000000111000
00000000000000000000000111100000010000000001110000000100000000010000000000000000000000000000000000000101011110001111000010001001010110110001110000011100000000000000000000000000000000000100000000111000
00000000000000000000000111100000010000000001110000000100000000010000000000000000000000000000000000000101011110001111000010001001010110110001110000011100000000000000000000000000000000000100000000111000
00000000000000000000000111100000010000000001110000000100000000010000000000000000000000000000000000000101011110001111000010001001010110110001110000011100000000000000000000000000000000000100000000111000
00000000000000000000000111100000010000000001110000000100000000010000000000000000000000000000000000000101011110001111000010001001010110110001110000011100000000000000000000000000000000000100000000111000
00000000000000000000000111100000010000000001110000000100000000010000000000000000000000000000000000000101011110001111000010001001010110110001110000011100000000000000010000000000000000000100000000111000
00000000000000000000000111100000010000000001110000000100000000010000000000000000000000000000000000000101011110001111000010001001010110110001110000011100000100000000000000000000000000000100000000111000
00000000000000000000000111100000010000000001110000000100000000010000000000000000000000000000000000000101011110001111000010001001010110110001110001011100000000000000000000000000000000000100000000111000
00000000000000000000000111100000010000000001110000000100000000010000000000000000000000000000000000000101011110001111000010001001010110100001110000011100000000000000000000000000000000000100000000111000
00000000000000000000000111100000010000000001110000000100000000010000000000000000000000000000000000000101011110001111000010001001010110100001110000011100000000000000000000000000000000000100000000111000
00000000000000000000000111100000010000000001110000000100000000010000000000000000000000000000000000000101011110001111000010001001010110100001110000011100000000000000000000000000000000000100000000111000
00000000000000000000000111100000010000000001110000000100000000010000000000000000000000000000000000000101011110001111000010001001010110100001110000011100000000000000000000000000000000000100000000111000
00000000000000000000000111100000010000000001110000000100000000010000000000000000000000000000000000000101011110001111000010001001010110100001110000011100000000000000000000000000000000000100000000111000
00000000000000000000000111100000010000000001110000000100000000010000000000000000000000000000000000000101011110001111000010001001010110100001110000011100000000000000000000000000000000000100000000111000
00000000000000000000000111100000010000000001110000000100000000010000000000000000000000000000000000000101011110001111000010001001010110100001110000011100000000000000000000000000000000000100000000111000
00000000000000000000000111100000010000000001110000000100000000010000000000000000000000000000000000000101011110001111000010001001010110100001110000011100000000000000000000000000000000000100000000111000
00000000000000000000000111100000010000000001110000000100000000010000000000000000000000000000000000000101011110001111000010001001010110100001110000011100000000000000000000000000000000000100000000111000
00000000000000000000000111100000010000000001110000000100000000010000000000000000000000000000000000000101011110001111000010001001010110100001110000011100000000000000000000000000000000000100000000111000
00000000000000000000000111100000010000000001110000000100000000010000000000000000000000000000000000000101011110001111000010001001010110100001110000011100000000000000000000000000000000000100000000111000
00000000000000000000000111100000010000000001110000000100000000010000000000000000000000000000000000000101011110001111000010001001010110100001110000011100000000000000000000000000000000001000000001110000
00000000000000000000000111100000010000000001110000000100000000010000000000000000000000000000000000000101011110001111000010001001010110100001110000011100000000000000000000000000000000001000000001110000
00000000000000000000000111100000010000000001110000000100000000010000000000000000000000000000000000000101011110001111000010001001010110100001110000011100000000000000000000000000000000001000000001110000
00000000000000000000000111100000010000000001110000000100000000010000000000000000000000000000000000000101011110001111000010001001010110100001110000011100000000000000000000000000000000001000000001110000
00000000000000000000000111100000010000000001110000000100000000010000000000000000000000000000000000000101011110001111000010001001010110100001110000011100000000000000000000000000000000001000000001110000
00000000000000000000000111100000010000000001110000000100000000010000000000000000000000000000000000000101011110001111000010001001010110100001110000011100000000000000000000000000000000001000000001110000
00000000000000000000000111100000010000000001110000000100000000010000000000000000000000000000000000000101011110001111000010001001010110100001110000011100000000000000000000000000000000001000000001110000
00000000000000000000000111100000010000000001110000000100000000010000000000000000000000000000000000000101011110001111000010001001010110100001110000011100000000000000000000000000000000001000000001110000
00000000000000000000000111100000010000000001110000000100000000010000000000000000000000000000000000000101011110001111000010001001010110100001110000011100000000000000000000000000000000001000000001110000
00000000000000000000000111100000010000000001110000000100000000010000000000000000000000000000000000000101011110001111000010001001010110100001110000011100000000000000000000000000000000001000000001110000
00000000000000000000000111100000010000000001110000000100000000010000000000000000000000000000000000000101011110001111000010001001010110100001110000011100000000000000000000000000000000001000000001110000
00000000000000000000000111100000010000000001110000000100000000010000000000000000000000000000000000000101011110001111000010001001010110100001110000011100000000000000000000000000000000001000000001110000
00000000000000000000000111100000010000000001110000000100000000010000000000000000000000000000000000000101011110001111000010001001010110100001110000011100000000000000100000000000000000001000000001110000
00000000000000000000000111100000010000000001110000000100000000010000000000000000000000000000000000000101011110001111000010001001010110100001110000011100001000000000000000000000000000001000000001110000
00000000000000000000000111100000010000000001110000000100000000010000000000000000000000000000000000000101011110001111000010001001010110100001110010011100000000000000000000000000000000001000000001110000
00000000000000000000000111100000010000000001110000000100000000010000000000000000000000000000000000000101011110001111000010001001010110000001110000011100000000000000000000000000000000001000000001110000
00000000000000000000000111100000010000000001110000000100000000010000000000000000000000000000000000000101011110001111000010001001010110000001110000011100000000000000000000000000000000001000000001110000
00000000000000000000000111100000010000000001110000000100000000010000000000000000000000000000000000000101011110001111000010001001010110000001110000011100000000000000000000000000000000001000000001110000
00000000000000000000000111100000010000000001110000000100000000010000000000000000000000000000000000000101011110001111000010001001010110000001110000011100000000000000000000000000000000001000000001110000
00000000000000000000000111100000010000000001110000000100000000010000000000000000000000000000000000000101011110001111000010001001010110000001110000011100000000000000000000000000000000001000000001110000
00000000000000000000000111100000010000000001110000000100000000010000000000000000000000000000000000000101011110001111000010001001010110000001110000011100000000000000000000000000000000001000000001110000
00000000000000000000000111100000010000000001110000000100000000010000000000000000000000000000000000000101011110001111000010001001010110000001110000011100000000000000000000000000000000001000000001110000
00000000000000000000000111100000010000000001110000000100000000010000000000000000000000000000000000000101011110001111000010001001010110000001110000011100000000000000000000000000000000001000000001110000
00000000000000000000000111100000010000000001110000000100000000010000000000000000000000000000000000000101011110001111000010001001010110000001110000011100000000000000000000000000000000001000000001110000
00000000000000000000000111100000010000000001110000000100000000010000000000000000000000000000000000000101011110001111000010001001010110000001110000011100000000000000000000000000000000001000000001110000
00000000000000000000000111100000010000000001110000000100000000010000000000000000000000000000000000000101011110001111000010001001010110000001110000011100000000000000000000000000000000001000000001110000
00000000000000000000000111100000010000000001110000000100000000010000000000000000000000000000000000000101011110001111000010001001010110000001110000011100000000000000000000000000000000001000000001110000
00000000000000000000000111100000010000000001110000000100000000010000000000000000000000000000000000000101011110001111000010001001010110000001110000011100000000000000000000000000000000001000000001110000
00000000000000000000000111100000010000000001110000000100000000010000000000000000000000000000000000000101011110001111000010001001010110000001110000011100000000000000000000000000000000001000000001110000
00000000000000000000000111100000010000000001110000000100000000010000000000000000000000000000000000000101011110001111000010001001010110000001110000011100000000000000000000000000000000001000000001110000
00000000000000000000000111100000010000000001110000000100000000010000000000000000000000000000000000000101011110001111000010001001010110000001110000011100000000000000000000000000000000001000000001110000
00000000000000000000000111100000010000000001110000000100000000010000000000000000000000000000000000000101011110001111000010001001010110000001110000011100000000000000000000000000000000001000000001110000
00000000000000000000000111100000010000000001110000000100000000010000000000000000000000000000000000000101011110001111000010001001010110000001110000011100000000000000000000000000000000001000000001110000
00000000000000000000000111100000010000000001110000000100000000010000000000000000000000000000000000000101011110001111000010001001010110000001110000011100000000000000000000000000000000001000000001110000
00000000000000000000000111100000010000000001110000000100000000010000000000000000000000000000000000000101011110001111000010001001010110000001110000011100000000000000100000000000000000001000000001110000
00000000000000000000000111100000010000000001110000000100000000010000000000000000000000000000000000000101011110001111000010001001010110000001110000011100001000000000000000000000000000001000000001110000
00000000000000000000000111100000010000000001110000000100000000010000000000000000000000000000000000000101011110001111000010001001010110000001110010011100000000000000000000000000000000001000000001110000
00000000000000000000000111100000010000000001110000000100000000010000000000000000000000000000000000000101011110001111000010001001010110100001110000011100000000000000000000000000000000001000000001110000
00000000000000000000000111100000010000000001110000000100000000010000000000000000000000000000000000000101011110001111000010000001010110000001110000011100000000000000000000000000000000001000000001110000
00000000000000000000000111100000010000000001110000000100000000010000000000000000000000000000000000000101011110001111000010000001010110000001110000011100000000000000000000000000000000001000000001110000
00000000000000000000000111100000010000000001110000000100000000010000000000000000000000000000000000000101011110001111000010000001010110000001110000011100000000000000000000000000000000001000000001110000
00000000000000000000000111100000010000000001110000000100000000010000000000000000000000000000000000000101011110001111000010000001010110000001110000011100000000000000000000000000000000001000000001110000
00000000000000000000000111100000010000000001110000000100000000010000000000000000000000000000000000000101011110001111000010000001010110000001110000011100000000000000000000000000000000001000000001110000
00000000000000000000000111100000010000000001110000000100000000010000000000000000000000000000000000000101011110001111000010000001010110000001110000011100000000000000000000000000000000001000000001110000
00000000000000000000000111100000010000000001110000000100000000010000000000000000000000000000000000000101011110001111000010000001010110000001110000011100000000000000000000000000000000001000000001110000
00000000000000000000000111100000010000000001110000000100000000010000000000000000000000000000000000000101011110001111000010000001010110000001110000011100000000000000000000000000000000001000000001110000
00000000000000000000000111100000010000000001110000000100000000010000000000000000000000000000000000000101011110001111000010000001010110000001110000011100000000000000000000000000000000001000000001110000
00000000000000000000000111100000010000000001110000000100000000010000000000000000000000000000000000000101011110001111000010000001010110000001110000011100000000000000000000000000000000001000000001110000
00000000000000000000000111100000010000000001110000000100000000010000000000000000000000000000000000000101011110001111000010000001010110000001110000011100000000000000000000000000000000001000000001110000
00000000000000000000000111100000010000000001110000000100000000010000000000000000000000000000000000000101011110001111000010000001010110000001110000011100000000000000000000000000000000001000000001110000
00000000000000000000000111100000010000000001110000000100000000010000000000000000000000000000000000000101011110001111000010000001010110000001110000011100000000000000000000000000000000001000000001110000
00000000000000000000000111100000010000000001110000000100000000010000000000000000000000000000000000000101011110001111000010000001010110000001110000011100000000000000000000000000000000001000000001110000
00000000000000000000000111100000010000000001110000000100000000010000000000000000000000000000000000000101011110001111000010000001010110000001110000011100000000000000000000000000000000001000000001110000
00000000000000000000000111100000010000000001110000000100000000010000000000000000000000000000000000000101011110001111000010000001010110000001110000011100000000000000000000000000000000001000000001110000
00000000000000000000000111100000010000000001110000000100000000010000000000000000000000000000000000000101011110001111000010000001010110000001110000011100000000000000000000000000000000001000000001110000
00000000000000000000000111100000010000000001110000000100000000010000000000000000000000000000000000000101011110001111000010000001010110000001110000011100000000000000000000000000000000001000000001110000
00000000000000000000000111100000010000000001110000000100000000010000000000000000000000000000000000000101011110001111000010000001010110000001110000011100000000000000000000000000000000001000000001110000
00000000000000000000000111100000010000000001110000000100000000010000000000000000000000000000000000000101011110001111000010000001010110000001110000011100000000000000000000000000000000001000000001110000
00000000000000000000000111100000010000000001110000000100000000010000000000000000000000000000000000000101011110001111000010000001010110000001110000011100000000000000000000000000000000001000000001110000
00000000000000000000000111100000010000000001110000000100000000010000000000000000000000000000000000000101011110001111000010000001010110000001110000011100000000000000000000000000000000001000000001110000
00000000000000000000000111100000010000000001110000000100000000010000000000000000000000000000000000000101011110001111000010000001010110000001110000011100000000000000000000000000000000001000000001110000
00000000000000000000000111100000010000000001110000000100000000010000000000000000000000000000000000000101011110001111000010000001010110000001110000011100000000000000000000000000000000001000000001110000
00000000000000000000000111100000010000000001110000000100000000010000000000000000000000000000000000000101011110001111000010000001010110000001110000011100000000000000000000000000000000001000000001110000
00000000000000000000000111100000010000000001110000000100000000010000000000000000000000000000000000000101011110001111000010000001010110000001110000011100000000000000000000000000000000001000000001110000
00000000000000000000000111100000010000000001110000000100000000010000000000000000000000000000000000000101011110001111000010000001010110000001110000011100000000000000000000000000000000001000000001110000
00000000000000000000000111100000010000000001110000000100000000010000000000000000000000000000000000000101011110001111000010000001010110000001110000011100000000000000000000000000000000001000000001110000
00000000000000000000000111100000010000000001110000000100000000010000000000000000000000000000000000000101011110001111000010000001010110000001110000011100000000000000000000000000000000001000000001110000
00000000000000000000000111100000010000000001110000000100000000010000000000000000000000000000000000000101011110001111000010000001010110000001110000011100000000000000000000000000000000001000000001110000
00000000000000000000000111100000010000000001110000000100000000010000000000000000000000000000000000000101011110001111000010000001010110000001110000011100000000000000000000000000000000001000000001110000
00000000000000000000000111100000010000000001110000000100000000010000000000000000000000000000000000000101011110001111000010000001010110000001110000011100000000000000000000000000000000001000000001110000
00000000000000000000000111100000010000000001110000000100000000010000000000000000000000000000000000000101011110001111000010000001010110000001110000011100000000000000000000000000000000001000000001110000
00000000000000000000000111100000010000000001110000000100000000010000000000000000000000000000000000000101011110001111000010000001010110000001110000011100000000000000000000000000000000001000000001110000
00000000000000000000000111100000010000000001110000000100000000010000000000000000000000000000000000000101011110001111000010000001010110000001110000011100000000000000000000000000000000001000000001110000
00000000000000000000000111100000010000000001110000000100000000010000000000000000000000000000000000000101011110001111000010000001010110000001110000011100000000000000000000000000000000001000000001110000
00000000000000000000000111100000010000000001110000000100000000010000000000000000000000000000000000000101011110001111000010000001010110000001110000011100000000000000000000000000000000001000000001110000
00000000000000000000000111100000010000000001110000000100000000010000000000000000000000000000000000000101011110001111000010000001010110000001110000011100000000000000000000000000000000001000000001110000
00000000000000000000000111100000010000000001110000000100000000010000000000000000000000000000000000000101011110001111000010000001010110000001110000011100000000000000000000000000000000001000000001110000
00000000000000000000000111100000010000000001110000000100000000010000000000000000000000000000000000000101011110001111000010000001010110000001110000011100000000000000000000000000000000001000000001110000
00000000000000000000000111100000010000000001110000000100000000010000000000000000000000000000000000000101011110001111000010000001010110000001110000011100000000000000000000000000000000001000000001110000
00000000000000000000000111100000010000000001110000000100000000010000000000000000000000000000000000000101011110001111000010000001010110000001110000011100000000000000000000000000000000001000000001110000
00000000000000000000000111100000010000000001110000000100000000010000000000000000000000000000000000000101011110001111000010000001010110000001110000011100000000000000000000000000000000001000000001110000
00000000000000000000000111100000010000000001110000000100000000010000000000000000000000000000000000000101011110001111000010000001010110000001110000011100000000000000000000000000000000001000000001110000
00000000000000000000000111100000010000000001110000000100000000010000000000000000000000000000000000000101011110001111000010000001010110000001110000011100000000000000000000000000000000001000000001110000
00000000000000000000000111100000010000000001110000000100000000010000000000000000000000000000000000000101011110001111000010000001010110000001110000011100000000000000000000000000000000001000000001110000
00000000000000000000000111100000010000000001110000000100000000010000000000000000000000000000000000000101011110001111000010000001010110000001110000011100000000000000000000000000000000001000000001110000
00000000000000000000000111100000010000000001110000000100000000010000000000000000000000000000000000000101011110001111000010000001010110000001110000011100000000000000000000000000000000001000000001110000
00000000000000000000000111100000010000000001110000000100000000010000000000000000000000000000000000000101011110001111000010000001010110000001110000011100000000000000000000000000000000001000000001110000
00000000000000000000000111100000010000000001110000000100000000010000000000000000000000000000000000000101011110001111000010000001010110000001110000011100000000000000000000000000000000001000000001110000
00000000000000000000000111100000010000000001110000000100000000010000000000000000000000000000000000000101011110001111000010000001010110000001110000011100000000000000000000000000000000001000000001110000
00000000000000000000000111100000010000000001110000000100000000010000000000000000000000000000000000000101011110001111000010000001010110000001110000011100000000000000000000000000000000001000000001110000
00000000000000000000000111100000010000000001110000000100000000010000000000000000000000000000000000000101011110001111000010000001010110000001110000011100000000000000000000000000000000001000000001110000
00000000000000000000000111100000010000000001110000000100000000010000000000000000000000000000000000000101011110001111000010000001010110000001110000011100000000000000000000000000000000001000000001110000
00000000000000000000000111100000010000000001110000000100000000010000000000000000000000000000000000000101011110001111000010000001010110000001110000011100000000000000000000000000000000000100000000111000
00000000000000000000000111100000010000000001110000000100000000010000000000000000000000000000000000000101011110001111000010000001010110000001110000011100000000000000000000000000000000000100000000111000
00000000000000000000000111100000010000000001110000000100000000010000000000000000000000000000000000000101011110001111000010000001010110000001110000011100000000000000000000000000000000000100000000111000
00000000000000000000000111100000010000000001110000000100000000010000000000000000000000000000000000000101011110001111000010000001010110000001110000011100000000000000000000000000000000000100000000111000
00000000000000000000000111100000010000000001110000000100000000010000000000000000000000000000000000000101011110001111000010000001010110000001110000011100000000000000000000000000000000000100000000111000
00000000000000000000000111100000010000000001110000000100000000010000000000000000000000000000000000000101011110001111000010000001010110000001110000011100000000000000000000000000000000000100000000111000
00000000000000000000000111100000010000000001110000000100000000010000000000000000000000000000000000000101011110001111000010000001010110000001110000011100000000000000000000000000000000000100000000111000
00000000000000000000000111100000010000000001110000000100000000010000000000000000000000000000000000000101011110001111000010000001010110000001110000011100000000000000000000000000000000000100000000111000
00000000000000000000000111100000010000000001110000000100000000010000000000000000000000000000000000000101011110001111000010000001010110000001110000011100000000000000000000000000000000000100000000111000
00000000000000000000000111100000010000000001110000000100000000010000000000000000000000000000000000000101011110001111000010000001010110000001110000011100000000000000000000000000000000000100000000111000
00000000000000000000000111100000010000000001110000000100000000010000000000000000000000000000000000000101011110001111000010000001010110000001110000011100000000000000000000000000000000000100000000111000
00000000000000000000000111100000010000000001110000000100000000010000000000000000000000000000000000000101011110001111000010000001010110000001110000011100000000000000000000000000000000000100000000111000
00000000000000000000000111100000010000000001110000000100000000010000000000000000000000000000000000000101011110001111000010000001010110000001110000011100000000000000000000000000000000000100000000111000
00000000000000000000000111100000010000000001110000000100000000010000000000000000000000000000000000000101011110001111000010000001010110000001110000011100000000000000000000000000000000000100000000111000
00000000000000000000000111100000010000000001110000000100000000010000000000000000000000000000000000000101011110001111000010000001010110000001110000011100000000000000000000000000000000000100000000111000
00000000000000000000000111100000010000000001110000000100000000010000000000000000000000000000000000000101011110001111000010000001010110000001110000011100000000000000000000000000000000000100000000111000
00000000000000000000000111100000010000000001110000000100000000010000000000000000000000000000000000000101011110001111000010000001010110000001110000011100000000000000000000000000000000000100000000111000
00000000000000000000000111100000010000000001110000000100000000010000000000000000000000000000000000000101011110001111000010000001010110000001110000011100000000000000000000000000000000000100000000111000
00000000000000000000000111100000010000000001110000000100000000010000000000000000000000000000000000000101011110001111000010000001010110000001110000011100000000000000000000000000000000000100000000111000
00000000000000000000000111100000010000000001110000000100000000010000000000000000000000000000000000000101011110001111000010000001010110000001110000011100000000000000000000000000000000000100000000111000
00000000000000000000000111100000010000000001110000000100000000010000000000000000000000000000000000000101011110001111000010000001010110000001110000011100000000000000000000000000000000000100000000111000
00000000000000000000000111100000010000000001110000000100000000010000000000000000000000000000000000000101011110001111000010000001010110000001110000011100000000000000000000000000000000000100000000111000
00000000000000000000000111100000010000000001110000000100000000010000000000000000000000000000000000000101011110001111000010000001010110000001110000011100000000000000000000000000000000000100000000111000
00000000000000000000000111100000010000000001110000000100000000010000000000000000000000000000000000000101011110001111000010000001010110000001110000011100000000000000000000000000000000000100000000111000
00000000000000000000000111100000010000000001110000000100000000010000000000000000000000000000000000000101011110001111000010000001010110000001110000011100000000000000000000000000000000000100000000111000
00000000000000000000000111100000010000000001110000000100000000010000000000000000000000000000000000000101011110001111000010000001010110000001110000011100000000000000000000000000000000000100000000111000
00000000000000000000000111100000010000000001110000000100000000010000000000000000000000000000000000000101011110001111000010000001010110000001110000011100000000000000000000000000000000000100000000111000
00000000000000000000000111100000010000000001110000000100000000010000000000000000000000000000000000000101011110001111000010000001010110000001110000011100000000000000000000000000000000000100000000111000
00000000000000000000000111100000010000000001110000000100000000010000000000000000000000000000000000000101011110001111000010000001010110000001110000011100000000000000000000000000000000000100000000111000
00000000000000000000000111100000010000000001110000000100000000010000000000000000000000000000000000000101011110001111000010000001010110000001110000011100000000000000000000000000000000000100000000111000
00000000000000000000000111100000010000000001110000000100000000010000000000000000000000000000000000000101011110001111000010000001010110000001110000011100000000000000000000000000000000000100000000111000
00000000000000000000000111100000010000000001110000000100000000010000000000000000000000000000000000000101011110001111000010000001010110000001110000011100000000000000000000000000000000000100000000111000
00000000000000000000000111100000010000000001110000000100000000010000000000000000000000000000000000000101011110001111000010000001010110000001110000011100000000000000000000000000000000000100000000111000
00000000000000000000000111100000010000000001110000000100000000010000000000000000000000000000000000000101011110001111000010000001010110000001110000011100000000000000000000000000000000000100000000111000
00000000000000000000000111100000010000000001110000000100000000010000000000000000000000000000000000000101011110001111000010000001010110000001110000011100000000000000000000000000000000000100000000111000
00000000000000000000000111100000010000000001110000000100000000010000000000000000000000000000000000000101011110001111000010000001010110000001110000011100000000000000000000000000000000000100000000111000
00000000000000000000000111100000010000000001110000000100000000010000000000000000000000000000000000000101011110001111000010000001010110000001110000011100000000000000000000000000000000000100000000111000
00000000000000000000000111100000010000000001110000000100000000010000000000000000000000000000000000000101011110001111000010000001010110000001110000011100000000000000000000000000000000000100000000111000
00000000000000000000000111100000010000000001110000000100000000010000000000000000000000000000000000000101011110001111000010000001010110000001110000011100000000000000000000000000000000000100000000111000
00000000000000000000000111100000010000000001110000000100000000010000000000000000000000000000000000000101011110001111000010000001010110000001110000011100000000000000000000000000000000000100000000111000
00000000000000000000000111100000010000000001110000000100000000010000000000000000000000000000000000000101011110001111000010000001010110000001110000011100000000000000000000000000000000000100000000111000
00000000000000000000000111100000010000000001110000000100000000010000000000000000000000000000000000000101011110001111000010000001010110000001110000011100000000000000000000000000000000000100000000111000
00000000000000000000000111100000010000000001110000000100000000010000000000000000000000000000000000000101011110001111000010000001010110000001110000011100000000000000000000000000000000000100000000111000
00000000000000000000000111100000010000000001110000000100000000010000000000000000000000000000000000000101011110001111000010000001010110000001110000011100000000000000000000000000000000000100000000111000
00000000000000000000000111100000010000000001110000000100000000010000000000000000000000000000000000000101011110001111000010000001010110000001110000011100000000000000000000000000000000000100000000111000
00000000000000000000000111100000010000000001110000000100000000010000000000000000000000000000000000000101011110001111000010000001010110000001110000011100000000000000000000000000000000000100000000111000
