00000000000000000000000011000000010010000001111000000100100000010010000000000000000000000000000000000000000000000000000000000000000000000000000000000000100000000000000000000001000000000100000000000000
00000000000000000000000011000000010010000001111000000100100000010010000000000000000000000000000000000000000000000000000000000000000000000000000000000000100000000000000000000001000000000100000000000000
00000000000000000000000011000000010010000001111000000100100000010010000000000000000000000000000000000000000000000000000000000000000000000000000000000000100000000000000000000001000000000100000000000000
00000000000000000000000011000000010010000001111000000100100000010010000000000000000000000000000000000000000000000000000000000000000000000000000000000000100000000000000000000001000000000100000000000000
00000000000000000000000011000000010010000001111000000100100000010010000000000000000000000000000000000000000000000000000000000000000000000000000000000000100000000000000000000001000000000100000000000000
00000000000000000000000011000000010010000001111000000100100000010010000000000000000000000000000000000000000000000000000000000000000000000000000000000000100000000000000000000001000000000100000000000000
00000000000000000000000011000000010010000001111000000100100000010010000000000000000000000000000000000000000000000000000000000000000000000000000000000000100000000000000000000001000000000100000000000000
00000000000000000000000011000000010010000001111000000100100000010010000000000000000000000000000000000000000000000000000000000000000000000000000000000000100000000000000000000001000000000100000000000000
00000000000000000000000011000000010010000001111000000100100000010010000000000000000000000000000000000000000000000000000000000000000000000000000000000000100000000000000000000001000000000100000000000000
00000000000000000000000011000000010010000001111000000100100000010010000000000000000000000000000000000000000000000000000000000000000000000000000000000000100000000000000000000001000000000100000000000000
00000000000000000000000011000000010010000001111000000100100000010010000000000000000000000000000000000000000000000000000000000000000000000000000000000000000000000000000000000001000000000100000000000000
00000000000000000000000011000000010010000001111000000100100000010010000000000000000000000000000000000000000000000000000000000000000000000000000000000000000000000000000000000001000000000100000000000000
00000000000000000000000011000000010010000001111000000100100000010010000000000000000000000000000000000000000000000000000000000000000000000000000000000000000000000000000000000001000000000100000000000000
00000000000000000000000011000000010010000001111000000100100000010010000000000000000000000000000000000000000000000000000000000000000000000000000000000000000000000000000000000001000000000100000000000000
00000000000000000000000011000000010010000001111000000100100000010010000000000000000000000000000000000000000000000000000000000000000000000000000000000000000000000000010000000001000000000000000000000000
00000000000000000000000011000000010010000001111000000100100000010010000000000000000000000000000000000000000000000000000000000000000000000000000000000000000000000000010000000001000000000000000000000000
00000000000000000000000011000000010010000001111000000100100000010010000000000000000000000000000000000000000000000000000000000000000000000000000000000000000000000000010000000001000000000000000000000000
00000000000000000000000011000000010010000001111000000100100000010010000000000000000000000000000000000000000000000000000000000000000000000000000000000000000000000000010000000001000000000000000000000000
00000000000000000000000011000000010010000001111000000100100000010010000000000000000000000000000000000000000000000000000000000000000000000000000000000000000000000000010000000001000000000000000000000000
00000000000000000000000011000000010010000001111000000100100000010010000000000000000000000000000000000000000000000000000000000000000000000000000000000000000000000000010000000001000000000000000000000000
00000000000000000000000011000000010010000001111000000100100000010010000000000000000000000000000000000000000000000000000000000000000000000000000000000000100000000000010000000001000000000000000000000000
00000000000000000000000011000000010010000001111000000100100000010010000000000000000000000000000000000000000000000000000000000000000000000000000000000000100000000000010000000001000000000000000000000000
00000000000000000000000011000000010010000001111000000100100000010010000000000000000000000000000000000000000000000000000000000000000000000000000000000000100000000000010000000001000000000000000000000000
00000000000000000000000011000000010010000001111000000100100000010010000000000000000000000000000000000000000000000000000000000000000000000000000000000000100000000000010000000001000000000000000000000000
00000000000000000000000011000000010010000001111000000100100000010010000000000000000000000000000000000000000000000000000000000000000000000000000000000000100000000000010000000001000000000000000000000000
00000000000000000000000011000000010010000001111000000100100000010010000000000000000000000000000000000000000000000000000000000000000000000000000000000000100000000000010000000001000000000000000000000000
00000000000000000000000011000000010010000001111000000100100000010010000000000000000000000000000000000000000000000000000000000000000000000000000000000000100000000000010000000001000000000000000000000000
00000000000000000000000011000000010010000001111000000100100000010010000000000000000000000000000000000000000000000000000000000000000000000000000000000000100000000000010000000001000000000000000000000000
00000000000000000000000011000000010010000001111000000100100000010010000000000000000000000000000000000000000000000000000000000000000000000000000000000000100000000000010000000001000000000000000000000000
00000000000000000000000011000000010010000001111000000100100000010010000000000000000000000000000000000000000000000000000000000000000000000000000000000000100100000000010000000000000000000000000000000000
00000000000000000000000011000000010010000001111000000100100000010010000000000000000000000000000000000000000000000000000000000000000000000000000000000000000100000000010000000000000000000000000000000000
00000000000000000000000011000000010010000001111000000100100000010010000000000000000000000000000000000000000000000000000000000000000000000000000000000000000100000000010000000000000000000000000000000000
00000000000000000000000011000000010010000001111000000100100000010010000000000000000000000000000000000000000000000000000000000000000000000000000000000000000100000000010000000000000000000000000000000000
00000000000000000000000011000000010010000001111000000100100000010010000000000000000000000000000000000000000000000000000000000000000000000000000000000000000100000000010000000000000000000000000000000000
00000000000000000000000011000000010010000001111000000100100000010010000000000000000000000000000000000000000000000000000000000000000000000000000000000000000100000000010000000000000000000000000000000000
00000000000000000000000011000000010010000001111000000100100000010010000000000000000000000000000000000000000000000000000000000000000000000000000000000000000100000000010000000000000000000000000000000000
00000000000000000000000011000000010010000001111000000100100000010010000000000000000000000000000000000000000000000000000000000000000000000000000000000000000100000000010000000000000000000000000000000000
00000000000000000000000011000000010010000001111000000100100000010010000000000000000000000000000000000000000000000000000000000000000000000000000000000000000100000000010000000000000000000000000000000000
00000000000000000000000011000000010010000001111000000100100000010010000000000000000000000000000000000000000000000000000000000000000000000000000000000000000100000000010000000000000000000000000000000000
00000000000000000000000011000000010010000001111000000100100000010010000000000000000000000000000000000000000000000000000000000000000000000000000000000000000100000000010000000000000000000000000000000000
00000000000000000000000011000000010010000001111000000100100000010010000000000000000000000000000000000000000000000000000000000000000000000000000000000000100100000000010000000000000000000000000000000000
00000000000000000000000011000000010010000001111000000100100000010010000000000000000000000000000000000000000000000000000000000000000000000000000000000000100100000000010000000000000000000000000000000000
00000000000000000000000011000000010010000001111000000100100000010010000000000000000000000000000000000000000000000000000000000000000000000000000000000000100100000000010000000000000000000000000000000000
00000000000000000000000011000000010010000001111000000100100000010010000000000000000000000000000000000000000000000000000000000000000000000000000000000000100100000000010000000000000000000000000000000000
00000000000000000000000011000000010010000001111000000100100000010010000000000000000000000000000000000000000000000000000000000000000000000000000000000000101100000000000000000000000000000000000000000000
00000000000000000000000011000000010010000001111000000100100000010010000000000000000000000000000000000000000000000000000000000000000000000000000000000000101100000000000000000000000000000000000000000000
00000000000000000000000011000000010010000001111000000100100000010010000000000000000000000000000000000000000000000000000000000000000000000000000000000000101100000000000000000000000000000000000000000000
00000000000000000000000011000000010010000001111000000100100000010010000000000000000000000000000000000000000000000000000000000000000000000000000000000000101100000000000000000000000000000000000000000000
00000000000000000000000011000000010010000001111000000100100000010010000000000000000000000000000000000000000000000000000000000000000000000000000000000000101100000000000000000000000000000000000000000000
00000000000000000000000011000000010010000001111000000100100000010010000000000000000000000000000000000000000000000000000000000000000000000000000000000000101100000000000000000000000000000000000000000000
00000000000000000000000011000000010010000001111000000100100000010010000000000000000000000000000000000000000000000000000000000000000000000000000000000000001100000000000000000000000000000000000000000000
00000000000000000000000011000000010010000001111000000100100000010010000000000000000000000000000000000000000000000000000000000000000000000000000000000000001100000000000000000000000000000000000000000000
00000000000000000000000011000000010010000001111000000100100000010010000000000000000000000000000000000000000000000000000000000000000000000000000000000000001100000000000000000000000000000000000000000000
00000000000000000000000011000000010010000001111000000100100000010010000000000000000000000000000000000000000000000000000000000000000000000000000000000000001100000000000000000000000000000000000000000000
00000000000000000000000011000000010010000001111000000100100000010010000000000000000000000000000000000000000000000000000000000000000000000000000000000000001100000000000000000000000000000000000000000000
00000000000000000000000011000000010010000001111000000100100000010010000000000000000000000000000000000000000000000000000000000000000000000000000000000000001100000000000000000000000000000000000000000000
00000000000000000000000011000000010010000001111000000100100000010010000000000000000000000000000000000000000000000000000000000000000000000000000000000000001100000000000000000000000000000000000000000000
00000000000000000000000011000000010010000001111000000100100000010010000000000000000000000000000000000000000000000000000000000000000000000000000000000000001100000000000000000000000000000000000000000000
00000000000000000000000011000000010010000001111000000100100000010010000000000000000000000000000000000000000000000000000000000000000000000000000000000000001100000000000000000000000000000000000000000000
00000000000000000000000011000000010010000001111000000100100000010010000000000000000000000000000000000000000000000000000000000000000000000000000000000000011000000000000000000000000000000000000000000000
00000000000000000000000011000000010010000001111000000100100000010010000000000000000000000000000000000000000000000000000000000000000000000000000000000000111000000000000000000000000000000000000000000000
00000000000000000000000011000000010010000001111000000100100000010010000000000000000000000000000000000000000000000000000000000000000000000000000000000000111000000000000000000000000000000000000000000000
00000000000000000000000011000000010010000001111000000100100000010010000000000000000000000000000000000000000000000000000000000000000000000000000000000000111000000000000000000000000000000000000000000000
00000000000000000000000011000000010010000001111000000100100000010010000000000000000000000000000000000000000000000000000000000000000000000000000000000000111000000000000000000000000000000000000000000000
00000000000000000000000011000000010010000001111000000100100000010010000000000000000000000000000000000000000000000000000000000000000000000000000000000000111000000000000000000000000000000000000000000000
00000000000000000000000011000000010010000001111000000100100000010010000000000000000000000000000000000000000000000000000000000000000000000000000000000000111000000000000000000000000000000000000000000000
00000000000000000000000011000000010010000001111000000100100000010010000000000000000000000000000000000000000000000000000000000000000000000000000000000000111000000000000000000000000000000000000000000000
00000000000000000000000011000000010010000001111000000100100000010010000000000000000000000000000000000000000000000000000000000000000000000000000000000000111000000000000000000000000000000000000000000000
00000000000000000000000011000000010010000001111000000100100000010010000000000000000000000000000000000000000000000000000000000000000000000000000000000000111000000000000000000000000000000000000000000000
00000000000000000000000011000000010010000001111000000100100000010010000000000000000000000000000000000000000000000000000000000000000000000000000000000000111000000000000000000000000000000000000000000000
00000000000000000000000011000000010010000001111000000100100000010010000000000000000000000000000000000000000000000000000000000000000000000000000000000000011000000000000000000000000000000000000000000000
00000000000000000000000011000000010010000001111000000100100000010010000000000000000000000000000000000000000000000000000000000000000000000000000000000000011000000000000000000000000000000000000000000000
00000000000000000000000011000000010010000001111000000100100000010010000000000000000000000000000000000000000000000000000000000000000000000000000000000000011000000000000000000000000000000000000000000000
00000000000000000000000011000000010010000001111000000100100000010010000000000000000000000000000000000000000000000000000000000000000000000000000000000000011000000000000000000000000000000000000000000000
00000000000000000000000011000000010010000001111000000100100000010010000000000000000000000000000000000000000000000000000000000000000000001000000000000000111000000000000000000000000000000000000000000000
00000000000000000000000011000000010010000001111000000100100000010010000000000000000000000000000000000000000000000000000000000000000000000000000000000000111000000000000000000000000000000000000000000000
00000000000000000000000011000000010010000001111000000100100000010010000000000000000000000000000000000000000000000000000000000000000000000000000000000000111000000000000000000000000000000000000000000000
00000000000000000000000011000000010010000001111000000100100000010010000000000000000000000000000000000000000000000000000000000000000000000000000000000000111000000000000000000000000000000000000000000000
00000000000000000000000011000000010010000001111000000100100000010010000000000000000000000000000000000000000000000000000000000000000000000000000000000000111000000000000000000000000000000000000000000000
00000000000000000000000011000000010010000001111000000100100000010010000000000000000000000000000000000000000000000000000000000000000000000000000000000000111000000000000000000000000000000000000000000000
00000000000000000000000011000000010010000001111000000100100000010010000000000000000000000000000000000000000000000000000000000000000000001000000000000000111000000000000000000000000000000000000000000000
00000000000000000000000011000000010010000001111000000100100000010010000000000000000000000000000000000000000000000000000000000000000000001000000000000000111000000000000000000000000000000000000000000000
00000000000000000000000011000000010010000001111000000100100000010010000000000000000000000000000000000000000000000000000000000000000000001000000000000000111000000000000000000000000000000000000000000000
00000000000000000000000011000000010010000001111000000100100000010010000000000000000000000000000000000000000000000000000000000000000000001000000000000000111000000000000000000000000000000000000000000000
00000000000000000000000011000000010010000001111000000100100000010010000000000000000000000000000000000000000000000000000000000000000000001000000000000000111000000000000000000000000000000000000000000000
00000000000000000000000011000000010010000001111000000100100000010010000000000000000000000000000000000000000000000000000000000000000000001000000000000000111000000000000000000000000000000000000000000000
00000000000000000000000011000000010010000001111000000100100000010010000000000000000000000000000000000000000000000000000000000000000000001000000000000000111000000000000000000000000000000000000000000000
00000000000000000000000011000000010010000001111000000100100000010010000000000000000000000000000000000000000000000000000000000000000000001000000000000000111000000000000000000000000000000000000000000000
00000000000000000000000011000000010010000001111000000100100000010010000000000000000000000000000000000000000000000000000000000000000000001000000000000000111000000000000000000000000000000000000000000000
00000000000000000000000011000000010010000001111000000100100000010010000000000000000000000000000000000000000000000000000000000000000000001000000000000000110000000010000000000000000000000000000000000000
00000000000000000000000011000000010010000001111000000100100000010010000000000000000000000000000000000000000000000000000000000000000000000000000000000000110000000010000000000000000000000000000000000000
00000000000000000000000011000000010010000001111000000100100000010010000000000000000000000000000000000000000000000000000000000000000000000000000000000000110000000010000000000000000000000000000000000000
00000000000000000000000011000000010010000001111000000100100000010010000000000000000000000000000000000000000000000000000000000000000000000000000000000000110000000010000000000000000000000000000000000000
00000000000000000000000011000000010010000001111000000100100000010010000000000000000000000000000000000000000000000000000000000000000000000000000000000000110000000010000000000000000000000000000000000000
00000000000000000000000011000000010010000001111000000100100000010010000000000000000000000000000000000000000000000000000000000000000000000000000000000000110000000010000000000000000000000000000000000000
00000000000000000000000011000000010010000001111000000100100000010010000000000000000000000000000000000000000000000000000000000000000000000000000000000000110000000010000000000000000000000000000000000000
00000000000000000000000011000000010010000001111000000100100000010010000000000000000000000000000000000000000000000000000000000000000000000000000000000000110000000010000000000000000000000000000000000000
00000000000000000000000011000000010010000001111000000100100000010010000000000000000000000000000000000000000000000000000000000000000000000000000000000000110000000010000000000000000000000000000000000000
00000000000000000000000011000000010010000001111000000100100000010010000000000000000000000000000000000000000000000000000000000000000000000000000000000000110000000010000000000000000000000000000000000000
00000000000000000000000011000000010010000001111000000100100000010010000000000000000000000000000000000000000000000000000000000000000000000000000000000000110000000010000000000000000000000000000000000000
00000000000000000000000011000000010010000001111000000100100000010010000000000000000000000000000000000000000000000000000000000000000000001000000000000000110000000010000000000000000000000000000000000000
00000000000000000000000011000000010010000001111000000100100000010010000000000000000000000000000000000000000000000000000000000000000000001000000000000000110000000010000000000000000000000000000000000000
00000000000000000000000011000000010010000001111000000100100000010010000000000000000000000000000000000000000000000000000000000000000000001000000000000000110000000010000000000000000000000000000000000000
00000000000000000000000011000000010010000001111000000100100000010010000000000000000000000000000000000000000000000000000000000000000000001000000000000000110000000010000000000000000000000000000000000000
00000000000000000000000011000000010010000001111000000100100000010010000000000000000000000000000000000000000000000000000000000000000000001000000000000000100000000010000000001000000000000000000000000000
00000000000000000000000011000000010010000001111000000100100000010010000000000000000000000000000000000000000000000000000000000000000000001000000000000000100000000010000000001000000000000000000000000000
00000000000000000000000011000000010010000001111000000100100000010010000000000000000000000000000000000000000000000000000000000000000000001000000000000000100000000010000000001000000000000000000000000000
00000000000000000000000011000000010010000001111000000100100000010010000000000000000000000000000000000000000000000000000000000000000000001000000000000000100000000010000000001000000000000000000000000000
00000000000000000000000011000000010010000001111000000100100000010010000000000000000000000000000000000000000000000000000000000000000000001000000000000000100000000010000000001000000000000000000000000000
00000000000000000000000011000000010010000001111000000100100000010010000000000000000000000000000000000000000000000000000000000000000000001000000000000000100000000010000000001000000000000000000000000000
00000000000000000000000011000000010010000001111000000100100000010010000000000000000000000000000000000000000000000000000000000000000000000000000000000000100000000010000000001000000000000000000000000000
00000000000000000000000011000000010010000001111000000100100000010010000000000000000000000000000000000000000000000000000000000000000000000000000000000000100000000010000000001000000000000000000000000000
00000000000000000000000011000000010010000001111000000100100000010010000000000000000000000000000000000000000000000000000000000000000000000000000000000000100000000010000000001000000000000000000000000000
00000000000000000000000011000000010010000001111000000100100000010010000000000000000000000000000000000000000000000000000000000000000000000000000000000000100000000010000000001000000000000000000000000000
00000000000000000000000011000000010010000001111000000100100000010010000000000000000000000000000000000000000000000000000000000000000000000000000000000000100000000010000000001000000000000000000000000000
00000000000000000000000011000000010010000001111000000100100000010010000000000000000000000000000000000000000000000000000000000000000000000000000000000000100000000010000000001000000000000000000000000000
