00000000000000000000000111000000010010000001110000000100100000011100000000000000000000000000000000001011000111110011110000000001100000000000000000000000000000000000000000000000000000000100000000111000
00000000000000000000000111000000010010000001110000000100100000011100000000000000000000000000000000001011000111110011110000000001100000000000000000000000000000000000000000000000000000000100000000111000
00000000000000000000000111000000010010000001110000000100100000011100000000000000000000000000000000001011000111110011110000000001100000000000000000000000000000000000000000000000000000000100000000111000
00000000000000000000000111000000010010000001110000000100100000011100000000000000000000000000000000001011000111110011110000000001100000000000000000000000000000000000000000000000000000000100000000111000
00000000000000000000000111000000010010000001110000000100100000011100000000000000000000000000000000001011000111110011110000000001100000000000000000000000000000000000000000000000000000000100000000111000
00000000000000000000000111000000010010000001110000000100100000011100000000000000000000000000000000001011000111110011110000000001100000000000000000000000000000000000000000000000000000000100000000111000
00000000000000000000000111000000010010000001110000000100100000011100000000000000000000000000000000001011000111110011110000000001100000000000000000000000000000000000000000000000000000001000000001110000
00000000000000000000000111000000010010000001110000000100100000011100000000000000000000000000000000001011000111110011110000000001100000000000000000000000000000000000000000000000000000001000000001110000
00000000000000000000000111000000010010000001110000000100100000011100000000000000000000000000000000001011000111110011110000000001100000000000000000000000000000000000000000000000000000001000000001110000
00000000000000000000000111000000010010000001110000000100100000011100000000000000000000000000000000001011000111110011110000000001100000000000000000000000000000000000000000000000000000001000000001110000
00000000000000000000000111000000010010000001110000000100100000011100000000000000000000000000000000001011000111110011110000000001100000000000000000000000000000000000000000000000000000001000000001110000
00000000000000000000000111000000010010000001110000000100100000011100000000000000000000000000000000001011000111110011110000000001100000000000000000000000000000000000000000000000000000010000000011100000
00000000000000000000000111000000010010000001110000000100100000011100000000000000000000000000000000001011000111110011110000000001100000000000000000000000000000000000000000000000000000010000000011100000
00000000000000000000000111000000010010000001110000000100100000011100000000000000000000000000000000001011000111110011110000000001100000000000000000000000000000000000000000000000000000010000000011100000
00000000000000000000000111000000010010000001110000000100100000011100000000000000000000000000000000001011000111110011110000000001100000000000000000000000000000000000000000000000000000010000000011100000
00000000000000000000000111000000010010000001110000000100100000011100000000000000000000000000000000001011000111110011110000000001100000000000000000000000000000000000000000000000000000010000000011100000
00000000000000000000000111000000010010000001110000000100100000011100000000000000000000000000000000001011000111110011110000000001100000000000000000000000000000000000000000000000000000010000000011100000
00000000000000000000000111000000010010000001110000000100100000011100000000000000000000000000000000001011000111110011110000000001100000000000000000000000000000000000000000000000000000010000000011100000
00000000000000000000000111000000010010000001110000000100100000011100000000000000000000000000000000001011000111110011110000000001100000000000000000000000000000000000000000000000000000010000000011100000
00000000000000000000000111000000010010000001110000000100100000011100000000000000000000000000000000001011000111110011110000000001100000000000000000000000000000000000000000000000000000010000000011100000
00000000000000000000000111000000010010000001110000000100100000011100000000000000000000000000000000001011000111110011110000000001100000000000000000000000000000000001000000000000000000010000000011100000
00000000000000000000000111000000010010000001110000000100100000011100000000000000000000000000000000001011000111110011110000000001100000000000000000000000010000000000000000000000000000010000000011100000
00000000000000000000000111000000010010000001110000000100100000011100000000000000000000000000000000001011000111110011110000000001100000000000000100000000000000000000000000000000000000010000000011100000
00000000000000000000000111000000010010000001110000000100100000011100000000000000000000000000000000001011000111110011110000000001100001000000000000000000000000000000000000000000000000010000000011100000
00000000000000000000000111000000010010000001110000000100100000011100000000000000000000000000000000001011000111110011110000010001100000000000000000000000000000000000000000000000000000010000000011100000
00000000000000000000000111000000010010000001110000000100100000011100000000000000000000000000000000001011000111110111110000000001100000000000000000000000000000000000000000000000000000010000000011100000
00000000000000000000000111000000010010000001110000000100100000011100000000000000000000000000000000001011000111110111110000000001100000000000000000000000000000000000000000000000000000010000000011100000
00000000000000000000000111000000010010000001110000000100100000011100000000000000000000000000000000001011000111110111110000000001100000000000000000000000000000000000000000000000000000010000000011100000
00000000000000000000000111000000010010000001110000000100100000011100000000000000000000000000000000001011000111110111110000000001100000000000000000000000000000000000000000000000000000010000000011100000
00000000000000000000000111000000010010000001110000000100100000011100000000000000000000000000000000001011000111110111110000000001100000000000000000000000000000000000000000000000000000010000000011100000
00000000000000000000000111000000010010000001110000000100100000011100000000000000000000000000000000001011000111110111110000000001100000000000000000000000000000000000000000000000000000010000000011100000
00000000000000000000000111000000010010000001110000000100100000011100000000000000000000000000000000001011000111110111110000000001100000000000000000000000000000000000000000000000000000010000000011100000
00000000000000000000000111000000010010000001110000000100100000011100000000000000000000000000000000001011000111110111110000000001100000000000000000000000000000000000000000000000000000100000000111000000
00000000000000000000000111000000010010000001110000000100100000011100000000000000000000000000000000001011000111110111110000000001100000000000000000000000000000000000000000000000000000100000000111000000
00000000000000000000000111000000010010000001110000000100100000011100000000000000000000000000000000001011000111110111110000000001100000000000000000000000000000000000000000000000000000100000000111000000
00000000000000000000000111000000010010000001110000000100100000011100000000000000000000000000000000001011000111110111110000000001100000000000000000000000000000000000000000000000000000100000000111000000
00000000000000000000000111000000010010000001110000000100100000011100000000000000000000000000000000001011000111110111110000000001100000000000000000000000000000000000000000000000000000100000000111000000
00000000000000000000000111000000010010000001110000000100100000011100000000000000000000000000000000001011000111110111110000000001100000000000000000000000000000000000000000000000000000100000000111000000
00000000000000000000000111000000010010000001110000000100100000011100000000000000000000000000000000001011000111110111110000000001100000000000000000000000000000000010000000000000000000100000000111000000
00000000000000000000000111000000010010000001110000000100100000011100000000000000000000000000000000001011000111110111110000000001100000000000000000000000100000000000000000000000000000100000000111000000
00000000000000000000000111000000010010000001110000000100100000011100000000000000000000000000000000001011000111110111110000000001100000000000001000000000000000000000000000000000000000100000000111000000
00000000000000000000000111000000010010000001110000000100100000011100000000000000000000000000000000001011000111110111110000000001100010000000000000000000000000000000000000000000000000100000000111000000
00000000000000000000000111000000010010000001110000000100100000011100000000000000000000000000000000001011000111110111110000100001100000000000000000000000000000000000000000000000000000100000000111000000
00000000000000000000000111000000010010000001110000000100100000011100000000000000000000000000000000001011000111111111110000000001100000000000000000000000000000000000000000000000000000100000000111000000
00000000000000000000000111000000010010000001110000000100100000011100000000000000000000000000000000001011000111111111110000000001100000000000000000000000000000000000000000000000000000010000000011100000
00000000000000000000000111000000010010000001110000000100100000011100000000000000000000000000000000001011000111111111110000000001100000000000000000000000000000000000000000000000000000010000000011100000
00000000000000000000000111000000010010000001110000000100100000011100000000000000000000000000000000001011000111111111110000000001100000000000000000000000000000000000000000000000000000010000000011100000
00000000000000000000000111000000010010000001110000000100100000011100000000000000000000000000000000001011000111111111110000000001100000000000000000000000000000000000000000000000000000010000000011100000
00000000000000000000000111000000010010000001110000000100100000011100000000000000000000000000000000001011000111111111110000000001100000000000000000000000000000000000000000000000000000010000000011100000
00000000000000000000000111000000010010000001110000000100100000011100000000000000000000000000000000001011000111111111110000000001100000000000000000000000000000000001000000000000000000010000000011100000
00000000000000000000000111000000010010000001110000000100100000011100000000000000000000000000000000001011000111111111110000000001100000000000000000000000010000000000000000000000000000010000000011100000
00000000000000000000000111000000010010000001110000000100100000011100000000000000000000000000000000001011000111111111110000000001100000000000000100000000000000000000000000000000000000010000000011100000
00000000000000000000000111000000010010000001110000000100100000011100000000000000000000000000000000001011000111111111110000000001100001000000000000000000000000000000000000000000000000010000000011100000
00000000000000000000000111000000010010000001110000000100100000011100000000000000000000000000000000001011000111111111110000010001100000000000000000000000000000000000000000000000000000010000000011100000
00000000000000000000000111000000010010000001110000000100100000011100000000000000000000000000000000001011000111111111110000010001100000000000000000000000000000000000000000000000000000010000000011100000
00000000000000000000000111000000010010000001110000000100100000011100000000000000000000000000000000001011000111111111110000010001100000000000000000000000000000000000000000000000000000010000000011100000
00000000000000000000000111000000010010000001110000000100100000011100000000000000000000000000000000001011000111111111110000010001100000000000000000000000000000000000000000000000000000010000000011100000
00000000000000000000000111000000010010000001110000000100100000011100000000000000000000000000000000001011000111111111110000010001100000000000000000000000000000000000000000000000000000010000000011100000
00000000000000000000000111000000010010000001110000000100100000011100000000000000000000000000000000001011000111111111110000010001100000000000000000000000000000000000000000000000000000010000000011100000
00000000000000000000000111000000010010000001110000000100100000011100000000000000000000000000000000001011000111111111110000010001100000000000000000000000000000000000000000000000000000010000000011100000
00000000000000000000000111000000010010000001110000000100100000011100000000000000000000000000000000001011000111111111110000010001100000000000000000000000000000000000000000000000000000010000000011100000
00000000000000000000000111000000010010000001110000000100100000011100000000000000000000000000000000001011000111111111110000010001100000000000000000000000000000000000000000000000000000010000000011100000
00000000000000000000000111000000010010000001110000000100100000011100000000000000000000000000000000001011000111111111110000010001100000000000000000000000000000000000000000000000000000010000000011100000
00000000000000000000000111000000010010000001110000000100100000011100000000000000000000000000000000001011000111111111110000010001100000000000000000000000000000000000000000000000000000010000000011100000
00000000000000000000000111000000010010000001110000000100100000011100000000000000000000000000000000001011000111111111110000010001100000000000000000000000000000000000000000000000000000010000000011100000
00000000000000000000000111000000010010000001110000000100100000011100000000000000000000000000000000001011000111111111110000010001100000000000000000000000000000000000000000000000000000010000000011100000
00000000000000000000000111000000010010000001110000000100100000011100000000000000000000000000000000001011000111111111110000010001100000000000000000000000000000000000000000000000000000010000000011100000
00000000000000000000000111000000010010000001110000000100100000011100000000000000000000000000000000001011000111111111110000010001100000000000000000000000000000000000000000000000000000010000000011100000
00000000000000000000000111000000010010000001110000000100100000011100000000000000000000000000000000001011000111111111110000010001100000000000000000000000000000000000000000000000000000010000000011100000
00000000000000000000000111000000010010000001110000000100100000011100000000000000000000000000000000001011000111111111110000010001100000000000000000000000000000000000000000000000000000010000000011100000
00000000000000000000000111000000010010000001110000000100100000011100000000000000000000000000000000001011000111111111110000010001100000000000000000000000000000000000000000000000000000010000000011100000
00000000000000000000000111000000010010000001110000000100100000011100000000000000000000000000000000001011000111111111110000010001100000000000000000000000000000000000000000000000000000010000000011100000
00000000000000000000000111000000010010000001110000000100100000011100000000000000000000000000000000001011000111111111110000010001100000000000000000000000000000000000000000000000000000010000000011100000
00000000000000000000000111000000010010000001110000000100100000011100000000000000000000000000000000001011000111111111110000010001100000000000000000000000000000000000000000000000000000010000000011100000
00000000000000000000000111000000010010000001110000000100100000011100000000000000000000000000000000001011000111111111110000010001100000000000000000000000000000000000000000000000000000010000000011100000
00000000000000000000000111000000010010000001110000000100100000011100000000000000000000000000000000001011000111111111110000010001100000000000000000000000000000000000000000000000000000010000000011100000
00000000000000000000000111000000010010000001110000000100100000011100000000000000000000000000000000001011000111111111110000010001100000000000000000000000000000000000000000000000000000010000000011100000
00000000000000000000000111000000010010000001110000000100100000011100000000000000000000000000000000001011000111111111110000010001100000000000000000000000000000000000000000000000000000010000000011100000
00000000000000000000000111000000010010000001110000000100100000011100000000000000000000000000000000001011000111111111110000010001100000000000000000000000000000000000000000000000000000010000000011100000
00000000000000000000000111000000010010000001110000000100100000011100000000000000000000000000000000001011000111111111110000010001100000000000000000000000000000000000000000000000000000010000000011100000
00000000000000000000000111000000010010000001110000000100100000011100000000000000000000000000000000001011000111111111110000010001100000000000000000000000000000000000000000000000000000010000000011100000
00000000000000000000000111000000010010000001110000000100100000011100000000000000000000000000000000001011000111111111110000010001100000000000000000000000000000000000000000000000000000010000000011100000
00000000000000000000000111000000010010000001110000000100100000011100000000000000000000000000000000001011000111111111110000010001100000000000000000000000000000000000000000000000000000010000000011100000
00000000000000000000000111000000010010000001110000000100100000011100000000000000000000000000000000001011000111111111110000010001100000000000000000000000000000000000000000000000000000010000000011100000
00000000000000000000000111000000010010000001110000000100100000011100000000000000000000000000000000001011000111111111110000010001100000000000000000000000000000000000000000000000000000010000000011100000
00000000000000000000000111000000010010000001110000000100100000011100000000000000000000000000000000001011000111111111110000010001100000000000000000000000000000000000000000000000000000010000000011100000
00000000000000000000000111000000010010000001110000000100100000011100000000000000000000000000000000001011000111111111110000010001100000000000000000000000000000000000000000000000000000010000000011100000
00000000000000000000000111000000010010000001110000000100100000011100000000000000000000000000000000001011000111111111110000010001100000000000000000000000000000000000000000000000000000010000000011100000
00000000000000000000000111000000010010000001110000000100100000011100000000000000000000000000000000001011000111111111110000010001100000000000000000000000000000000000000000000000000000010000000011100000
00000000000000000000000111000000010010000001110000000100100000011100000000000000000000000000000000001011000111111111110000010001100000000000000000000000000000000000000000000000000000010000000011100000
